报告日,经营活动产生的现金流量,销售商品、提供劳务收到的现金,客户存款和同业存放款项净增加额,向中央银行借款净增加额,向其他金融机构拆入资金净增加额,收到原保险合同保费取得的现金,收到再保险业务现金净额,保户储金及投资款净增加额,处置交易性金融资产净增加额,收取利息、手续费及佣金的现金,拆入资金净增加额,回购业务资金净增加额,收到的税费返还,收到的其他与经营活动有关的现金,经营活动现金流入小计,购买商品、接受劳务支付的现金,客户贷款及垫款净增加额,存放中央银行和同业款项净增加额,支付原保险合同赔付款项的现金,支付利息、手续费及佣金的现金,支付保单红利的现金,支付给职工以及为职工支付的现金,支付的各项税费,支付的其他与经营活动有关的现金,经营活动现金流出小计,经营活动产生的现金流量净额,投资活动产生的现金流量,收回投资所收到的现金,取得投资收益收到的现金,处置固定资产、无形资产和其他长期资产所收回的现金净额,处置子公司及其他营业单位收到的现金净额,收到的其他与投资活动有关的现金,减少质押和定期存款所收到的现金,处置可供出售金融资产净增加额,投资活动现金流入小计,购建固定资产、无形资产和其他长期资产所支付的现金,投资所支付的现金,质押贷款净增加额,取得子公司及其他营业单位支付的现金净额,增加质押和定期存款所支付的现金,支付的其他与投资活动有关的现金,投资活动现金流出小计,投资活动产生的现金流量净额,筹资活动产生的现金流量,吸收投资收到的现金,子公司吸收少数股东投资收到的现金,取得借款收到的现金,发行债券收到的现金,收到其他与筹资活动有关的现金,筹资活动现金流入小计,偿还债务支付的现金,分配股利、利润或偿付利息所支付的现金,子公司支付给少数股东的股利、利润,支付其他与筹资活动有关的现金,筹资活动现金流出小计,筹资活动产生的现金流量净额,汇率变动对现金及现金等价物的影响,现金及现金等价物净增加额,期初现金及现金等价物余额,现金的期末余额,现金的期初余额,现金等价物的期末余额,现金等价物的期初余额,期末现金及现金等价物余额,数据源,是否审计,公告日期,币种,类型,更新日期
20260331,,913772135.51,,,,,,,,,,,,250770494.08,1164542629.59,1092238433.41,,,,,,152784313.37,208175251.6,162217915.86,1615415914.24,-450873284.65,,,129349.62,89504.0,,,,,218853.62,12368090.34,,,,,,12368090.34,-12149236.72,,,,1576439685.69,,,1576439685.69,10367340488.0,574540984.37,90000000.0,3350902.87,10945232375.24,-9368792689.55,-1062531.74,-9832877742.66,16393581038.81,,,,,6560703296.15,定期报告,未审计,20260429,CNY,合并期末,2026-04-28T21:12:05
20251231,,7813976233.8,,,,,,,,,,,95000087.2,1010252505.87,8919228826.87,3623917060.86,,,,,,647835833.59,1319610713.16,1295410559.03,6886774166.64,2032454660.23,,77717179.85,103093712.22,257024815.51,196902781.55,,,,634738489.13,28943991.54,,,4188381.49,,,33132373.03,601606116.1,,,,19841749436.43,,,19841749436.43,14554471757.74,2424851913.15,96001744.68,1715945093.78,18695268764.67,1146480671.76,-1735.07,3780539713.02,12613041325.79,16393581038.81,12613041325.79,,,16393581038.81,定期报告,是,20260429,CNY,合并期末,2026-04-28T21:12:05
20250930,,6481118941.08,,,,,,,,,,,91245957.08,633726854.87,7206091753.03,2859944457.5,,,,,,481207095.22,1068615874.97,812812142.91,5222579570.6,1983512182.43,,,103093712.22,233340970.88,196902781.55,,,,533337464.65,8198566.9,,,,,,8198566.9,525138897.75,,,,10717105913.7,,,10717105913.7,13159476071.04,2050696014.89,61614445.69,648004583.93,15858176669.86,-5141070756.16,-680679.68,-2633100355.66,12613041325.79,,,,,9979940970.13,定期报告,未审计,20251031,CNY,合并期末,2025-10-30T18:12:16
20250630,,4911942078.9,,,,,,,,,,,14595516.68,337500139.08,5264037734.66,1946272452.79,,,,,,348976343.18,734031720.56,628603910.57,3657884427.1,1606153307.56,,,94959356.28,234317666.27,196902781.55,,,,526179804.1,7220578.64,,,,,,7220578.64,518959225.46,,,,10575172575.07,,,10575172575.07,12978579743.65,1192415632.08,30000000.0,642713412.66,14813708788.39,-4238536213.32,-733811.75,-2114157492.05,12613041325.79,10498883833.74,12613041325.79,,,10498883833.74,定期报告,未审计,20250819,CNY,合并期末,2025-08-18T15:52:04
20250331,,2601751726.66,,,,,,,,,,,9184420.93,198651253.86,2809587401.45,1072767661.26,,,,,,206403830.75,342144682.63,233910996.73,1855227171.37,954360230.08,,,,123981115.27,193445784.12,,,,317426899.39,2823296.1,,,,,,2823296.1,314603603.29,,,,8652552025.63,,,8652552025.63,9535917091.32,644173301.82,,5494184.88,10185584578.02,-1533032552.39,-167212.51,-264235931.53,12613041325.79,,,,,12348805394.26,定期报告,未审计,20260429,CNY,合并期末,2025-04-28T21:28:08
20241231,,12420239438.23,,,,,,,,,,,73316906.64,2850581074.97,15344137419.84,5869088496.71,,,,,,758557582.46,1590719871.15,1127473633.89,9345839584.21,5998297835.63,,374700000.0,44019590.28,571390.03,306983145.0,69203.05,,,726343328.36,27366881.1,1007765280.03,,,,209979.37,1035342140.5,-308998812.14,,,,20404901211.68,,,20404901211.68,22570669887.97,2773411469.93,1731244.04,1677520252.89,27021601610.79,-6616700399.11,-2618.28,-927403993.9,13540445319.69,12613041325.79,13540445319.69,,,12613041325.79,定期报告,是,20260429,CNY,合并期末,2025-04-28T21:28:08
20240930,,8171884134.2,,,,,,,,,,,68035035.62,1048489167.58,9288408337.4,4339265239.63,,,,,,596403505.2,1113445176.17,674667351.11,6723781272.11,2564627065.29,,224400000.0,41630136.68,506990.0,43836245.0,69203.05,,,310442574.73,24894591.03,,,,,209979.37,25104570.4,285338004.33,,,,15796417515.71,,,15796417515.71,17972225976.3,2395424488.93,,1611850502.8,21979500968.03,-6183083452.32,-4214.54,-3333122597.24,13540445319.69,,,,,10207322722.45,定期报告,未审计,20251031,CNY,合并期末,2024-10-30T16:50:09
20240630,,5547791849.11,,,,,,,,,,,49681380.4,727939604.63,6325412834.14,2736706667.48,,,,,,442058060.1,856056048.04,506817498.35,4541638273.97,1783774560.17,,102000000.0,37549935.66,220330.0,28101400.0,69203.05,,,167940868.71,17175271.47,,,,,209979.37,17385250.84,150555617.87,,,,6934410768.27,,,6934410768.27,6483764354.39,1400342511.21,,1475979189.71,9360086055.31,-2425675287.04,-2121.62,-491347230.62,13540445319.69,13049098089.07,13540445319.69,,,13049098089.07,定期报告,未审计,20250819,CNY,合并期末,2024-08-30T19:05:20
20240331,,1927632644.66,,,,,,,,,,,,553697591.14,2481330235.8,1581972241.36,,,,,,268392081.66,259868111.76,183339064.18,2293571498.96,187758736.84,,,1333462.44,19905.0,12223810.0,69203.05,,,13646380.49,6526805.77,,,,,,6526805.77,7119574.72,,,,2330600000.0,,,2330600000.0,2132034740.49,753945695.55,,441580688.44,3327561124.48,-996961124.48,28348.68,-802054464.24,13540445319.69,,,,,12738390855.45,定期报告,未审计,20250429,CNY,合并期末,2024-04-29T16:45:06
20231231,,15535750190.38,,,,,,,,,,,177560140.73,2640518180.61,18353828511.72,8098964587.64,,,,,,848781963.9,1805410293.56,1542896359.75,12296053204.85,6057775306.87,,122400000.0,279061877.76,484897.54,28687455.0,,,,430634230.3,56638367.22,,,,,,56638367.22,373995863.08,,,,36880430320.04,,,36880430320.04,43339015977.45,3130452613.18,9564121.95,45568833.12,46515037423.75,-9634607103.71,96703.91,-3202739229.85,16743184549.54,13540445319.69,16743184549.54,,,13540445319.69,定期报告,是,20250429,CNY,合并期末,2024-04-11T18:20:03
20230930,,12558538342.0,,,,,,,,,,,108909670.0,1755222306.77,14422670318.77,5111850857.7,,,,,,658335516.08,1424870275.98,1041274162.26,8236330812.02,6186339506.75,,,278994204.8,360080.68,38687455.0,,,,318041740.48,53666077.09,,,,,,53666077.09,264375663.39,,,,31930434069.68,,,31930434069.68,34396706375.78,2535386160.84,,36307512.95,36968400049.57,-5037965979.89,6717.63,1412755907.88,16743184549.54,,,,,18155940457.42,定期报告,未审计,20241031,CNY,合并期末,2023-10-30T18:35:06
20230630,,9899731552.06,,,,,,,,,,,86448847.66,1494376136.14,11480556535.86,3467081855.25,,,,,,472190002.29,1166247626.01,822215387.13,5927734870.68,5552821665.18,,,277742139.89,352255.41,38687455.0,,,,316781850.3,32558528.04,,,,,,32558528.04,284223322.26,,,,18075898715.8,,,18075898715.8,21907589093.89,1366997436.19,,29197496.38,23303784026.46,-5227885310.66,4347.62,609164024.4,16743184549.54,17352348573.94,16743184549.54,,,17352348573.94,定期报告,未审计,20240831,CNY,合并期末,2023-08-30T20:40:02
20230331,,4906137154.65,,,,,,,,,,,11832086.2,724481635.99,5642450876.84,2412534403.06,,,,,,277220403.37,538430890.45,523483102.03,3751668798.91,1890782077.93,,,144708681.07,333238.92,23209900.0,,,,168251819.99,17882027.45,,,,,,17882027.45,150369792.54,,,,3515847763.58,,,3515847763.58,8368541817.09,746722326.39,,14793727.61,9130057871.09,-5614210107.51,2831.52,-3573055405.52,16743184549.54,,,,,13170129144.02,定期报告,未审计,20240430,CNY,合并期末,2023-04-28T16:15:03
20221231,,18464918464.66,,,,,,,,,,,450615959.93,2963414708.27,21878949132.86,7912902344.02,,,,,,921868349.52,3617213113.25,3815771141.69,16267754948.48,5611194184.38,,156800000.0,267180364.93,174820.01,2270000000.0,,,,2694155184.94,105219886.9,619672220.0,,,,697359757.76,1422251864.66,1271903320.28,,,,21573557788.53,,,21573557788.53,22094183325.54,3828522239.0,105000000.0,3469282756.08,29391988320.62,-7818430532.09,45732.6,-935287294.83,17678471844.37,16743184549.54,17678471844.37,,,16743184549.54,定期报告,是,20240412,CNY,合并期末,2023-04-28T16:20:13
20220930,,12689188674.77,,,,,,,,,,,405386264.93,1564525157.92,14659100097.62,7253717334.05,,,,,,703846502.63,2976173873.88,2278653384.04,13212391094.6,1446709003.02,,,125576210.3,35882.97,,,,,125612093.27,89775133.05,619672220.0,,,,667836881.33,1377284234.38,-1251672141.11,,,,13835471918.23,,,13835471918.23,11755027163.3,3077721919.36,105000000.0,2085317064.55,16918066147.21,-3082594228.98,48426.76,-2887508940.31,17678471844.37,,,,,14790962904.06,定期报告,未审计,20231031,CNY,合并期末,2022-10-27T16:55:04
20220630,,6378621955.54,,,,,,,,,,,372665543.09,1237437497.74,7988724996.37,5515284749.34,,,,,,519682308.78,2550056931.5,1370107632.76,9955131622.38,-1966406626.01,,,122251162.16,23981.25,,,,,122275143.41,62145656.31,619672220.0,,,,667836881.33,1349654757.64,-1227379614.23,,,,11439106209.9,,,11439106209.9,10423260745.24,1750527262.69,70000000.0,1568485774.56,13742273782.49,-2303167572.59,19674.33,-5496934138.5,17678471844.37,12181537705.87,17678471844.37,,,12181537705.87,定期报告,未审计,20230831,CNY,合并期末,2022-08-19T17:55:03
20220331,,2850498305.37,,,,,,,,,,,44653355.97,658756896.49,3553908557.83,3918358867.28,,,,,,325262081.55,1271199040.35,430673186.29,5945493175.47,-2391584617.64,,,335225.58,6282.0,,,,,341507.58,39904042.51,,,,,667836881.33,707740923.84,-707399416.26,,,,6234727554.55,,,6234727554.55,6154885159.0,940148459.94,70000000.0,1547557753.25,8642591372.19,-2407863817.64,-4339.4,-5506852190.94,17678471844.37,,,,,12171619653.43,定期报告,未审计,20230429,CNY,合并期末,2022-04-27T17:25:03
20211231,,24666223791.25,,,,,,,,,,,430070771.62,7165190044.62,32261484607.49,19250272582.11,,,,,,1007011835.85,4067388500.15,4043804273.04,28368477191.15,3893007416.34,,244297570.09,79175131.86,36933682.38,4525942768.0,,,,4886349152.33,64012207.96,,,746824533.58,,,810836741.54,4075512410.79,,1605321000.0,1605321000.0,23455874095.41,,2840000000.0,27901195095.41,30742942752.97,5033331813.56,,1120225322.9,36896499889.43,-8995304794.02,112669.54,-1026672297.35,18705144141.72,17678471844.37,18705144141.72,,,17678471844.37,定期报告,是,20230429,CNY,合并期末,2022-03-30T21:25:03
20210930,,18390639943.54,,,,,,,,,,,,4936102135.26,23326742078.8,14089126675.23,,,,,,769790958.48,2664894143.9,3495306650.0,21019118427.61,2307623651.19,,80437607.63,18723529.78,672241.67,5088511268.0,,,,5188344647.08,45236741.61,,,,,1622568500.0,1667805241.61,3520539405.47,,132300000.0,132300000.0,18189808304.6,,1000000000.0,19322108304.6,23027704816.17,4188894056.5,125800000.0,1057087910.49,28273686783.16,-8951578478.56,-13884.32,-3123429306.22,18705144141.72,,,,,15581714835.5,定期报告,未审计,20221028,CNY,合并期末,2021-10-29T17:50:06
20210630,,12903541380.37,,,,,,,,,,,,4718005220.19,17621546600.56,6946316463.89,,,,,,553581169.73,2871972058.53,2983392877.03,13355262569.18,4266284031.38,,,7025934.93,96155.0,3514902180.59,,,,3522024270.52,34245674.39,,,,,1622568500.0,1656814174.39,1865210096.13,,,,8041204375.08,,,8041204375.08,12564275538.24,1995774658.32,40000000.0,33276361.82,14593326558.38,-6552122183.3,-13289.42,-420641345.21,18705144141.72,18284502796.51,18705144141.72,,,18284502796.51,定期报告,未审计,20220820,CNY,合并期末,2021-08-29T20:10:04
20210331,,5605819741.77,,,,,,,,,,,,4578496978.92,10184316720.69,2058918759.18,,,,,,326028541.87,1525091735.99,1663668813.16,5573707850.2,4610608870.49,,,520783.92,2420.0,3336460628.37,,,,3336983832.29,5915499.04,,,,,1622568500.0,1628483999.04,1708499833.25,,,,3557715276.78,,,3557715276.78,8477834752.19,1017909578.62,,13362337.43,9509106668.24,-5951391391.46,-7853.85,367709458.43,18705144141.72,,,,,19072853600.15,定期报告,未审计,20220428,CNY,合并期末,2021-04-23T17:05:03
20201231,,23671653964.33,,,,,,,,,,,,9792810819.57,33464464783.9,15481598420.18,,,,,,984921480.37,3920547360.97,3187519654.53,23574586916.05,9889877867.85,,333000000.0,18326689.39,124658.25,,,,,351451347.64,52601772.79,261000000.0,,460857766.04,,,774459538.83,-423008191.19,,15000000.0,15000000.0,45736493519.27,,1500000000.0,47251493519.27,42699575293.86,6012393458.18,415307129.84,215000000.0,48926968752.04,-1675475232.77,-93277.07,7791301166.82,10913842974.9,18705144141.72,10913842974.9,,,18705144141.72,定期报告,是,20220331,CNY,合并期末,2021-03-31T00:25:03
20200930,,13625915410.51,,,,,,,,,,,,2779717563.0,16405632973.51,9538507328.38,,,,,,768381348.41,3254987326.37,2695328612.01,16257204615.17,148428358.34,,333000000.0,18326689.39,37793.44,,,,,351364482.83,25601274.45,261000000.0,,,,100000000.0,386601274.45,-35236791.62,,10000000.0,10000000.0,34701893481.33,,1500000000.0,36211893481.33,29057405475.95,4919070150.69,225307129.84,,33976475626.64,2235417854.69,-14444.08,2348594977.33,10913842974.9,,,,,13262437952.23,定期报告,未审计,20211030,CNY,合并期末,2020-10-30T16:15:04
20200630,,8606570877.97,,,,,,,,,,,,1190240685.29,9796811563.26,5249112238.81,,,,,,524513243.09,2788072858.47,2848078077.4,11409776417.77,-1612964854.51,,333000000.0,13110587.62,11034.9,,,,,346121622.52,15846014.93,261000000.0,,,,,276846014.93,69275607.59,,10000000.0,10000000.0,24672502666.34,,,24682502666.34,20627572394.58,2770597354.96,225307129.84,,23398169749.54,1284332916.8,-1988.85,-259358318.97,10913842974.9,10654484655.93,10913842974.9,,,10654484655.93,定期报告,未审计,20210830,CNY,合并期末,2020-08-28T17:10:03
20200331,,2974057045.96,,,,,,,,,,,,1077303501.4,4051360547.36,3450500229.78,,,,,,331490509.63,1434562196.51,3427647980.05,8644200915.97,-4592840368.61,,,197829.46,1675.0,,,,,199504.46,9312604.81,2800000.0,,,,,12112604.81,-11913100.35,,10000000.0,10000000.0,12763796709.55,,,12773796709.55,9057718744.11,1419866957.51,141160000.0,,10477585701.62,2296211007.93,38307.57,-2308504153.46,10913842974.9,,,,,8605338821.44,定期报告,未审计,20210424,CNY,合并期末,2020-04-29T21:35:02
20191231,,29299347889.4,,,,,,,,,,,,3527784328.57,32827132217.97,17320857449.78,,,,,,1034402597.62,5552387196.99,6259190095.67,30166837340.06,2660294877.91,,1207207.0,9529699.71,240304.21,4875308.02,,,,15852518.94,94929319.05,771198359.0,,,,,866127678.05,-850275159.11,,34500000.0,34500000.0,23040407457.62,,,23074907457.62,18940712376.64,6296316742.69,1098113503.32,550200000.0,25787229119.33,-2712321661.71,159368.76,-902142574.15,11815985549.05,10913842974.9,11815985549.05,,,10913842974.9,定期报告,是,20210331,CNY,合并期末,2020-04-29T21:35:02
20190930,,22248406287.22,,,,,,,,,,,,3577053786.58,25825460073.8,11460712811.17,,,,,,815489274.86,4775753820.38,1771381845.39,18823337751.8,7002122322.0,,1000000.0,9535685.86,270160.5,4875308.02,,,,15681154.38,56688203.77,99198359.0,,,,,155886562.77,-140205408.39,,,,15708789109.89,,,15708789109.89,17657812376.64,5376206952.97,984340282.97,490200000.0,23524219329.61,-7815430219.72,124912.76,-953388393.35,11815985549.05,,,,,10862597155.7,定期报告,未审计,20201031,CNY,合并期末,2020-03-13T14:58:48
20190630,,15153470005.45,,,,,,,,,,,,2989970104.23,18143440109.68,4712921542.38,,,,,,542353871.88,3644971005.9,2223895623.28,11124142043.44,7019298066.24,,,9522280.39,88493.3,4875308.02,,,,14486081.71,36857144.44,99198359.0,,,,,136055503.44,-121569421.73,,,,13819669810.29,6000000000.0,,13819669810.29,12377002376.64,3827260216.08,635463909.54,232000000.0,16436262592.72,-2616592782.43,-41495.69,4281094366.39,11815985549.05,16097079915.44,11815985549.05,,,16097079915.44,定期报告,未审计,20200829,CNY,合并期末,2020-03-13T14:58:48
20190331,,5311739354.5,,,,,,,,,,,,2564170280.47,7875909634.97,2409709440.49,,,,,,324454090.1,2243456378.53,781493870.22,5759113779.34,2116795855.63,,,5073763.85,58583.3,4875308.02,,,,10007655.17,10430539.59,99198359.0,,,,,109628898.59,-99621243.42,,,,6936808276.9,2000000000.0,,6936808276.9,5770190000.0,1300984732.08,,205000000.0,7276174732.08,-339366455.18,-47735.1,1677760421.93,11815985549.05,,,,,13493745970.98,定期报告,未审计,20200430,CNY,合并期末,2020-03-13T14:58:48
20181231,,24473918536.53,,,,,,,,,,,,2220979430.55,26694897967.08,27745312374.73,,,,,,998134388.56,3181546877.62,3799037558.88,35724031199.79,-9029133232.71,,80000000.0,8469334.82,3302752.32,,696925852.8,,,788697939.94,92939153.34,417000000.0,,2723855393.79,,,3233794547.13,-2445096607.19,,817730000.0,817730000.0,25915147014.68,3300000000.0,4900000.0,26737777014.68,7951399585.13,5154129108.71,376984938.62,895000000.0,14000528693.84,12737248320.84,134079.27,1263152560.21,10552832988.84,11815985549.05,10552832988.84,,,11815985549.05,定期报告,是,20200430,CNY,合并期末,2020-03-13T14:58:48
20180930,,13284899952.45,,,,,,,,,,,,2065066358.03,15349966310.48,18474618027.47,,,,,,772276644.74,2584678150.88,3808839897.73,25640412720.82,-10290446410.34,,80000000.0,8469334.82,2781492.38,,70678490.55,,,161929317.75,60283738.67,417000000.0,,2677999092.72,,,3155282831.39,-2993353513.64,,812730000.0,812730000.0,24711483155.88,3300000000.0,4900000.0,25529113155.88,6304850099.18,4264543902.94,309984938.62,795000000.0,11364394002.12,14164719153.76,78563.15,880997792.93,10552832988.84,,,,,11433830781.77,定期报告,未审计,20191031,CNY,合并期末,2020-03-13T14:58:48
20180630,,7158197322.53,,,,,,,,,,,,1601370292.74,8759567615.27,13544583355.28,,,,,,544761726.84,1982291395.12,1329219712.27,17400856189.51,-8641288574.24,,80000000.0,8469334.82,2749464.85,,70678490.55,,,161897290.22,46897292.83,242500000.0,,65984536.46,,,355381829.29,-193484539.07,,509730000.0,509730000.0,13772996882.13,3300000000.0,4900000.0,17587626882.13,3567637479.12,2891338555.81,65647417.62,695000000.0,7153976034.93,10433650847.2,-2880.81,1598874853.08,10552832988.84,12151707841.92,10552832988.84,,,12151707841.92,定期报告,未审计,20190810,CNY,合并期末,2020-03-13T14:58:48
20180331,,3074980844.48,,,,,,,,,,,,1439509188.42,4514490032.9,10174546782.71,,,,,,310565171.05,792811195.39,855771173.88,12133694323.03,-7619204290.13,,80000000.0,813054.79,2447951.41,,44382904.96,,,127643911.16,27178543.51,242500000.0,,44382904.96,,2485215.26,316546663.73,-188902752.57,,,,9676576793.51,3300000000.0,4900000.0,12981476793.51,1842708078.25,1017954463.88,3797934.1,45000000.0,2905662542.13,10075814251.38,6032.18,2267713240.86,10552832988.84,,,,,12820546229.7,定期报告,未审计,20190427,CNY,合并期末,2020-03-13T14:58:48
20171231,,19551027692.95,,,,,,,,,,,,2299481798.57,21850509491.52,21556108020.21,,,,,,974899729.02,3704461036.81,2869368832.95,29104837618.99,-7254328127.47,,11127846551.27,73600828.67,19853568.05,,,,,11221300947.99,79982291.04,12728026184.36,,655397056.12,,692227816.96,14155633348.48,-2934332400.49,,6950000.0,6950000.0,22115000000.0,3000000000.0,,25121950000.0,13423859264.82,3893130970.26,62261986.99,406513151.35,17723503386.43,7398446613.57,3655474.75,-2786558439.64,13339391428.48,10552832988.84,13339391428.48,,,10552832988.84,定期报告,是,20190329,CNY,合并期末,2020-03-13T14:58:48
20170930,,14677369285.26,,,,,,,,,,,,1541084521.44,16218453806.7,14322001157.95,,,,,,780878906.84,3256979631.81,502850438.08,18862710134.68,-2644256327.98,,10779000000.0,73475130.85,154699.22,,,,,10852629830.07,46334491.35,9294500000.0,,553548947.04,,,9894383438.39,958246391.68,,6950000.0,6950000.0,11240000000.0,3000000000.0,,14246950000.0,11125859264.82,3437298958.9,62048521.37,106726616.97,14669884840.69,-422934840.69,-97689.69,-2109042466.68,13339391428.48,,,,,11230348961.8,定期报告,未审计,20181031,CNY,合并期末,2020-03-13T14:58:48
20170630,,10351883902.81,,,,,,,,,,,,972646545.83,11324530448.64,4597148236.41,,,,,,485588544.08,2718575205.07,1057048094.94,8858360080.5,2466170368.14,,6170000000.0,23202511.77,117846.99,,,,,6193320358.76,32226078.81,9224500000.0,,5550775.0,,,9262276853.81,-3068956495.05,,,,7670000000.0,3000000000.0,,10670000000.0,7341670499.27,2496477094.77,62048521.37,78126451.35,9916274045.39,753725954.61,-43529.15,150896298.55,13339391428.48,13490287727.03,13339391428.48,,,13490287727.03,定期报告,未审计,20180830,CNY,合并期末,2020-03-13T14:58:48
20170331,,4846212190.48,,,,,,,,,,,,571193569.1,5417405759.58,1960179507.45,,,,,,305382191.72,1551870468.48,676689699.73,4494121867.38,923283892.2,,2650000000.0,8105559.07,75180.0,,,,,2658180739.07,19052027.61,1670000000.0,,,,,1689052027.61,969128711.46,,,,500000000.0,3000000000.0,,3500000000.0,3202126332.6,589849192.54,,78126451.35,3870101976.49,-370101976.49,,1522310627.17,13339391428.48,,,,,14861702055.65,定期报告,未审计,20180428,CNY,合并期末,2020-03-13T14:58:48
20161231,,30398275302.42,,,,,,,,,,,,2074784807.42,32473060109.84,8518877321.71,,,,,,853038800.03,3261360949.68,2753859852.62,15387136924.04,17085923185.8,,6568182493.0,24527206.53,118648.59,,,,,6592828348.12,67820071.54,8576000000.0,,142813458.57,,,8786633530.11,-2193805181.99,,,,5392391504.85,8977750000.0,1480000000.0,15850141504.85,20189111673.64,4141962286.66,3114859.71,135154184.63,24466228144.93,-8616086640.08,211152.83,6276242516.56,7063148911.92,13339391428.48,7063148911.92,,,13339391428.48,定期报告,是,20180327,CNY,合并期末,2020-03-13T14:58:48
20160930,,19815028147.95,,,,,,,,,,,,1882523082.43,21697551230.38,6611994591.96,,,,,,670669701.12,2425838120.13,2277342761.5,11985845174.71,9711706055.67,,6539182493.0,24402243.1,108689.13,,,,,6563693425.23,32920514.76,6538000000.0,,142813458.57,,,6713733973.33,-150040548.1,,,,4922391504.85,6483750000.0,1480000000.0,12886141504.85,13490102486.61,3557126112.03,,135154184.63,17182382783.27,-4296241278.42,381781.04,5265806010.19,7063148911.92,,,,,12328954922.11,定期报告,未审计,20171025,CNY,合并期末,2020-03-13T14:58:48
20160630,,11628820044.31,,,,,,,,,,,,624432801.36,12253252845.67,4269774654.36,,,,,,417102599.99,1756564885.08,2181322346.55,8624764485.98,3628488359.69,,2000000000.0,10560045.21,83403.06,,,,,2010643448.27,21060947.55,2000000000.0,,142813458.57,,,2163874406.12,-153230957.85,,,,4748391504.85,4987500000.0,,9735891504.85,4360186716.38,1494924920.49,,135154184.63,5990265821.5,3745625683.35,327004.66,7221210089.85,7063148911.92,14284359001.77,7063148911.92,,,14284359001.77,定期报告,未审计,20170818,CNY,合并期末,2020-03-13T14:58:48
20160331,,3994105475.88,,,,,,,,,,,,269575697.83,4263681173.71,3431082384.26,,,,,,252108908.55,870811182.56,600069235.18,5154071710.55,-890390536.84,,,2048613.45,1335.9,,,,,2049949.35,12564364.55,,,,,,12564364.55,-10514415.2,,,,2132391504.85,1995000000.0,,4127391504.85,1945534151.1,696784654.89,,,2642318805.99,1485072698.86,,584167746.82,7063148911.92,,,,,7647316658.74,其他,未审计,20170428,CNY,合并期末,2020-03-13T14:58:48
20151231,,16199069706.9,,,,,,,,,,,59118087.3,1677058166.56,17935245960.76,23127870770.78,,,,,,768357377.41,3022260198.87,3858328302.03,30776816649.09,-12841570688.33,,2175674110.66,75685044.37,168874.75,,,,,2251528029.78,155704920.2,2238500000.0,,620393864.96,,,3014598785.16,-763070755.38,,1601000000.0,1601000000.0,23154524529.47,17621607138.18,,42377131667.65,23938341990.02,3487099770.85,34871897.7,2346594149.0,29772035909.87,12605095757.78,774986.48,-998770699.45,8061919611.37,7063148911.92,8061919611.37,,,7063148911.92,定期报告,是,20170328,CNY,合并期末,2020-03-13T14:58:48
20150930,,11264087992.7,,,,,,,,,,,697238.59,1682783748.91,12947568980.2,19792244331.12,,,,,,586789837.14,2652180544.18,2624467193.19,25655681905.63,-12708112925.43,,2113674110.66,75396228.98,160408.0,,,,,2189230747.64,125094041.23,3113094149.0,,622359433.64,,,3860547623.87,-1671316876.23,,1560000000.0,1560000000.0,20912947001.35,15603882479.05,,38076829480.4,20571612332.79,2805866499.78,34917024.81,,23377478832.57,14699350647.83,-276962.2,319643883.97,8061919611.37,,,,,8381563495.34,定期报告,未审计,20161028,CNY,合并期末,2020-03-13T14:58:48
20150630,,8228595204.54,,,,,,,,,,,,507047106.59,8735642311.13,5989359585.93,,,,,,365240977.77,2094658537.81,1005835847.84,9455094949.35,-719452638.22,,1060674110.66,33026942.53,128270.0,,,,,1093829323.19,97246257.22,1175500000.0,,622359433.64,,,1895105690.86,-801276367.67,,1495000000.0,1495000000.0,5287524708.19,6628882479.05,,13411407187.24,9933562330.26,2080644237.32,34917024.81,,12014206567.58,1397200619.66,-316584.17,-123844970.4,8061919611.37,7938074640.97,8061919611.37,,,7938074640.97,定期报告,未审计,20160818,CNY,合并期末,2020-03-13T14:58:48
20150331,,2226132796.42,,,,,,,,,,,,151382919.77,2377515716.19,4328640525.15,,,,,,204682515.21,1235163506.02,856921523.07,6625408069.45,-4247892353.26,,1000000000.0,4734000.0,43670.0,,,,,1004777670.0,76446067.78,1018000000.0,,652359433.64,,,1746805501.42,-742027831.42,,1495000000.0,1495000000.0,2947838354.93,2783000000.0,,7225838354.93,4870521664.35,554670220.87,33004958.66,,5425191885.22,1800646469.71,6885.96,-3189266829.01,8061919611.37,,,,,4872652782.36,定期报告,未审计,20160430,CNY,合并期末,2020-03-13T14:58:48
20141231,,17949275626.7,,,,,,,,,,,,1138781721.33,19088057348.03,14676028657.95,,,,,,660447311.53,2977963818.44,1094797233.31,19409237021.23,-321179673.2,,4000000000.0,22941710.96,565393.85,,,,,4023507104.81,197208737.68,5480000000.0,,4177476411.34,,,9854685149.02,-5831178044.21,,25000000.0,25000000.0,19441850000.0,,,19466850000.0,11226295231.59,3548096985.12,166674895.45,252174852.77,15026567069.48,4440282930.52,-60010.4,-1712134797.29,9774054408.66,8061919611.37,9774054408.66,,,8061919611.37,定期报告,是,20160430,CNY,合并期末,2020-03-13T14:58:48
20140930,,12689015454.11,,,,,,,,,,,,1145904722.88,13834920176.99,11649759749.62,,,,,,480440877.84,2532435661.22,433961317.13,15096597605.81,-1261677428.82,,,3152100.0,122730.78,,,,,3274830.78,140723281.09,,,5642942264.5,,,5783665545.59,-5780390714.81,,18310000.0,18310000.0,17918601671.49,,,17936911671.49,9918387970.81,2818676820.25,151173562.88,,12737064791.06,5199846880.43,-56277.9,-1842277541.1,9774054408.66,,,,,7931776867.56,定期报告,未审计,20151031,CNY,合并期末,2020-03-13T14:58:48
20140630,,7189959258.82,,,,,,,,,,,,515742962.84,7705702221.66,6983884632.46,,,,,,320052523.74,1928079187.94,246537228.42,9478553572.56,-1772851350.9,,,3152100.0,84130.78,,,,,3236230.78,99450020.62,,,3920368912.65,,,4019818933.27,-4016582702.49,,,,11687250000.0,,,11687250000.0,4826444801.87,2081930092.05,151173562.88,,6908374893.92,4778875106.08,-55480.83,-1010614428.14,9774054408.66,8763439980.52,9774054408.66,,,8763439980.52,定期报告,未审计,20150831,CNY,合并期末,2020-03-13T14:58:48
20140331,,2143116983.62,,,,,,,,,,,,353276530.58,2496393514.2,3559207826.68,,,,,,167899881.83,598582052.4,152509491.5,4478199252.41,-1981805738.21,,,,60570.78,,,,,60570.78,26692003.24,2815432000.0,,,,,2842124003.24,-2842063432.46,,,,9571000000.0,,,9571000000.0,1888585663.85,472634493.39,30616201.36,,2361220157.24,7209779842.76,-14831.3,2385895840.79,9774054408.66,,,,,12159950249.45,定期报告,未审计,20150429,CNY,合并期末,2020-03-13T14:58:48
20131231,,17199569684.23,,,,,,,,,,,5224651.77,393793135.27,17598587471.27,16096642446.1,,,,,,591226128.46,2787173329.94,1029498199.01,20504540103.51,-2905952632.24,,656772570.25,99969323.95,129525226.65,,,,,886267120.85,56844308.0,,,29788476.18,,,86632784.18,799634336.67,,404900000.0,404900000.0,18763277483.27,,,19168177483.27,16052890118.24,2615465380.69,128062505.06,,18668355498.93,499821984.34,32124.78,-1606464186.45,11380518595.11,9774054408.66,11380518595.11,,,9774054408.66,定期报告,是,20150331,CNY,合并期末,2020-03-13T14:58:48
20130930,,12989662369.22,,,,,,,,,,,5224651.77,498951732.78,13493838753.77,10409044518.01,,,,,,447357108.01,2196510408.65,573452033.3,13626364067.97,-132525314.2,,486772570.25,99969323.95,129519423.53,,,,,716261317.73,45585248.65,,,,,,45585248.65,670676069.08,,404900000.0,404900000.0,18453215106.95,,,18858115106.95,14672307391.78,2166235145.53,118285273.71,,16838542537.31,2019572569.64,-19098.17,2557704226.35,11380518595.11,,,,,13938222821.46,定期报告,未审计,20141028,CNY,合并期末,2020-03-13T14:58:48
20130630,,6840664711.54,,,,,,,,,,,3506339.39,287582530.74,7131753581.67,3562759527.42,,,,,,298391258.98,1581674726.39,494529566.27,5937355079.06,1194398502.61,,486772570.25,99790802.4,129482123.53,,,,,716045496.18,44043840.58,,,,,,44043840.58,672001655.6,,200000000.0,200000000.0,5639584723.51,,,5839584723.51,7768819986.65,1376268418.3,,,9145088404.95,-3305503681.44,9541.75,-1439093981.48,11380518595.11,9941424613.63,11380518595.11,,,9941424613.63,定期报告,未审计,20140822,CNY,合并期末,2020-03-13T14:58:48
20130331,,2931315781.57,,,,,,,,,,,3506339.39,207875501.54,3142697622.5,2112149945.27,,,,,,145666755.49,744864949.57,256881529.11,3259563179.44,-116865556.94,,486772570.25,97899542.4,37817123.0,,,,,622489235.65,4322924.12,,,,,,4322924.12,618166311.53,,200000000.0,200000000.0,1687100000.0,,,1887100000.0,863594928.11,449983310.23,,,1313578238.34,573521761.66,,1074822516.25,11380518595.11,,,,,12455341111.36,定期报告,未审计,20140430,CNY,合并期末,2020-03-13T14:58:48
20121231,,17884860840.11,,,,,,,,,,,35663746.76,405343133.87,18325867720.74,16726073191.5,,,,,,546116009.11,1996998433.69,982583879.64,20251771513.94,-1925903793.2,,,3340679.3,148354604.04,,,,,151695283.34,23436670.25,,,,,,23436670.25,128258613.09,,588000000.0,588000000.0,19049343175.66,,,19637343175.66,13037702783.64,2318880932.56,95044972.2,336970000.0,15693553716.2,3943789459.46,-6694.77,2146137584.58,9234381010.53,11380518595.11,9234381010.53,,,11380518595.11,定期报告,是,20140320,CNY,合并期末,2020-03-13T14:58:48
20120930,,9248249925.04,,,,,,,,,,,,1064238659.26,10312488584.3,9251405748.68,,,,,,412013982.48,1365108962.48,1333726251.87,12362254945.51,-2049766361.21,,,3340679.1,117965341.67,,,,,121306020.77,14733741.3,336970000.0,,,,,351703741.3,-230397720.53,,588000000.0,588000000.0,15962343175.66,,,16550343175.66,7876610053.58,1654188335.89,6298855.71,,9530798389.47,7019544786.19,-642.55,4739380061.9,9234381010.53,,,,,13973761072.43,定期报告,未审计,20131031,CNY,合并期末,2020-03-13T14:58:48
20120630,,4940302421.55,,,,,,,,,,,,478253217.07,5418555638.62,4290388799.43,,,,,,254016474.08,830550937.32,906717997.88,6281674208.71,-863118570.09,,,3152100.0,84615517.0,,,,,87767617.0,12435567.03,320000000.0,,,,,332435567.03,-244667950.03,,4900000.0,4900000.0,8782343175.66,,,8787243175.66,3520698353.78,939037725.37,,,4459736079.15,4327507096.51,2188.71,3219722765.1,9234381010.53,12454103775.63,9234381010.53,,,12454103775.63,定期报告,未审计,20130816,CNY,合并期末,2020-03-13T14:58:48
20120331,,1747784779.63,,,,,,,,,,,,238739743.38,1986524523.01,1639170568.82,,,,,,130184903.14,276118543.7,322775600.06,2368249615.72,-381725092.71,,0.0,0.0,0.0,0.0,0.0,,,0.0,6617033.43,,,,,,6617033.43,-6617033.43,,,,3374343175.66,,,3374343175.66,1019340707.78,260231721.85,,,1279572429.63,2094770746.03,,1706428619.89,9234381010.53,,,,,10940809630.42,定期报告,未审计,20130425,CNY,合并期末,2020-03-13T14:58:48
20111231,,14455653422.09,,,,,,,,,,,6283822.64,767820200.47,15229757445.2,12310793855.7,,,,,,433196619.64,2743366901.35,1967857488.88,17455214865.57,-2225457420.37,,64828168.42,3791283.81,69182.97,484876699.13,,,,553565334.33,81431935.99,834400381.48,,,,,915832317.47,-362266983.14,,,,7476292822.39,,,7476292822.39,7395465340.73,2165892647.2,,,9561357987.93,-2085065165.54,30139.39,-4672759429.66,13907140440.19,9234381010.53,13907140440.19,,,9234381010.53,定期报告,是,20130403,CNY,合并期末,2020-03-13T14:58:48
20110930,,11114337928.44,,,,,,,,,,,,531480925.1,11645818853.54,8402882463.09,,,,,,317641819.23,2582894415.22,1684235927.17,12987654624.71,-1341835771.17,,,3791283.81,67482.97,481389989.0,,,,485248755.78,69987885.76,831198541.48,,,,,901186427.24,-415937671.46,,,,6449152235.46,,,6449152235.46,6626789889.53,1907820281.43,,,8534610170.96,-2085457935.5,12381.25,-3843218996.88,13907140440.19,,,,,10063921443.31,定期报告,未审计,20121031,CNY,合并期末,2020-03-13T14:58:48
20110630,,8095508792.09,,,,,,,,,,,,371521382.62,8467030174.71,4319508198.16,,,,,,235203889.84,2091339420.08,1294945018.02,7940996526.1,526033648.61,,,1609862.21,67482.97,,,,,1677345.18,46057583.07,831198541.48,,,,,877256124.55,-875578779.37,,,,6174860000.0,,,6174860000.0,6134934914.34,464415082.83,,,6599349997.17,-424489997.17,8664.39,-774026463.54,13907140440.19,13133113976.65,13907140440.19,,,13133113976.65,定期报告,未审计,20120818,CNY,合并期末,2020-03-13T14:58:48
20110331,,4696486103.73,,,,,,,,,,,,254617244.25,4951103347.98,2901428445.66,,,,,,91371980.71,1018899810.37,835816954.36,4847517191.1,103586156.88,,0.0,0.0,67482.97,0.0,0.0,,,67482.97,4015004.88,831198541.48,,,,,835213546.36,-835146063.39,,,,2080000000.0,,,2080000000.0,4084064697.73,230764672.69,,,4314829370.42,-2234829370.42,,-2966389276.93,13907140440.19,10940751163.26,13907140440.19,,,10940751163.26,定期报告,未审计,20120426,CNY,合并期末,2020-03-13T14:58:48
20101231,,14275859307.95,,,,,,,,,,,728222.0,1572985371.48,15849572901.43,13970891271.71,,,,,,303663903.36,1786780615.76,2269327458.82,18330663249.65,-2481090348.22,,4022380.0,2749298.29,360753247.16,528746224.68,,,,896271150.13,133229546.78,5651955.15,,,,,138881501.93,757389648.2,,20000000.0,20000000.0,8352717621.45,,,8372717621.45,4504852361.23,1425723198.47,14267808.94,,5930575559.7,2442142061.75,-30996.15,718410365.58,13188730074.61,13907140440.19,13188730074.61,,,13907140440.19,定期报告,是,20120409,CNY,合并期末,2020-03-13T14:58:48
20100930,,5657714904.42,,,,,,,,,,,,1599010843.9,7256725748.32,10931422690.46,,,,,,217415328.95,1118106873.45,1014560152.83,13281505045.69,-6024779297.37,,192422380.0,2749298.29,226280371.25,,,,,421452049.54,132824110.45,5651955.15,,,,,138476065.6,282975983.94,,20000000.0,20000000.0,6057076300.73,,,6077076300.73,3610381457.9,1185535896.35,14267808.94,,4795917354.25,1281158946.48,,-4460644366.95,13188730074.61,8728085707.66,13188730074.61,,,8728085707.66,定期报告,未审计,20111031,CNY,合并期末,2020-03-13T14:58:48
20100630,,3300126534.18,,,,,,,,,,,,1285611173.05,4585737707.23,9605445293.72,,,,,,167042070.43,898533857.15,688793777.5,11359814998.8,-6774077291.57,,192422380.0,1100000.0,230643183.75,,,,,424165563.75,68815369.84,5651955.15,,,,,74467324.99,349698238.76,,20000000.0,20000000.0,5670000000.0,,,5690000000.0,2393474168.1,331713126.91,14267808.94,,2725187295.01,2964812704.99,-5648.61,-3459571996.43,13188730074.61,9729158078.18,13188730074.61,,,9729158078.18,定期报告,未审计,20110820,CNY,合并期末,2020-03-13T14:58:48
20100331,,1379431336.62,,,,,,,,,,,,729061041.15,2108492377.77,2000877553.27,,,,,,84782309.77,602391674.24,341621215.93,3029672753.21,-921180375.44,,4000000.0,1100000.0,,,,,,5100000.0,56761163.05,5651955.15,,,,,62413118.2,-57313118.2,,20000000.0,20000000.0,2020000000.0,,,2040000000.0,620000000.0,135889097.5,,,755889097.5,1284110902.5,,305617408.86,13188730074.61,13494347483.47,13188730074.61,,,13494347483.47,定期报告,未审计,20110429,CNY,合并期末,2020-03-13T14:58:48
20091231,,7488291291.05,,,,,,,,,,,390881.0,3415157740.68,10903839912.73,8099085047.53,,,,,,241908372.44,1486924451.78,2646541701.67,12474459573.42,-1570619660.69,,127011107.69,1867899.97,20144420.0,106478003.97,,,,255501431.63,171278038.95,115583874.79,,1553390.64,,,288415304.38,-32913872.75,,200900000.0,200900000.0,14635400000.0,,,14836300000.0,6388565831.9,953753253.47,6148976.8,,7342319085.37,7493980914.63,-73175.58,5890374205.61,7298355869.0,13188730074.61,7298355869.0,,,13188730074.61,定期报告,是,20110408,CNY,合并期末,2020-03-13T14:58:48
20090930,,4035503187.94,,,,,,,,,,,,974132266.29,5009635454.23,2832628795.61,,,,,,183461879.44,1145523649.12,2473912788.59,6635527112.76,-1625891658.53,,133648914.19,1595784.13,89400.0,95830203.41,251031809.36,,,482196111.09,134505226.05,104757474.79,,,,,239262700.84,242933410.25,,4900000.0,4900000.0,13105400000.0,,,13110300000.0,5602040000.0,784039202.84,,,6386079202.84,6724220797.16,-249.32,5341262299.56,7298355869.0,12639618168.56,7298355869.0,,,12639618168.56,定期报告,未审计,20101029,CNY,合并期末,2020-03-13T14:58:48
20090630,,2103961917.43,,,,,,,,,,,,329094201.45,2433056118.88,1810872489.2,,,,,,132035981.97,978181236.46,527925427.99,3449015135.62,-1015959016.74,,133648914.19,1217891.03,23400.0,,,,,134890205.22,115425077.78,104743636.06,,,,,220168713.84,-85278508.62,,4900000.0,4900000.0,4780000000.0,,,4784900000.0,2075000000.0,641368574.65,,,2716368574.65,2068531425.35,8881.55,967302781.54,7298355869.0,8265658650.54,7298355869.0,,,8265658650.54,定期报告,未审计,20100819,CNY,合并期末,2020-03-13T14:58:48
20090331,,1197857773.53,,,,,,,,,,,,213266149.96,1411123923.49,880071318.49,,,,,,58392117.65,225786173.42,101545133.85,1265794743.41,145329180.08,,38250496.94,1100000.0,,,,,,39350496.94,74974808.16,21743636.06,,,,,96718444.22,-57367947.28,,4900000.0,4900000.0,2400000000.0,,,2404900000.0,1190000000.0,137518872.53,,,1327518872.53,1077381127.47,13534.99,1165355895.26,7298355869.0,8463711764.26,7298355869.0,,,8463711764.26,定期报告,未审计,20100429,CNY,合并期末,2020-03-13T14:58:48
20081231,,3153438302.6,,,,,,,,,,,,402690998.37,3556129300.97,6515510668.05,,,,,,224161236.98,715670955.56,1227741490.78,8683084351.37,-5126955050.4,,1123506739.77,31351277.37,160960786.17,,,,,1315818803.31,326869828.69,1070166180.0,,200119289.74,,,1597155298.43,-281336495.12,,8294569000.0,75100000.0,6467040000.0,,,14761609000.0,3381400000.0,956166044.07,1922125.62,,4337566044.07,10424042955.93,-223801.87,5015527608.54,2282828260.46,7298355869.0,2282828260.46,,,7298355869.0,定期报告,是,20100406,CNY,合并期末,2020-03-13T14:58:48
20080930,,2392076472.4,,,,,,,,,,,110000.0,261038148.78,2653224621.18,3426280863.0,,,,,,170606169.05,458426034.59,1131561031.39,5186874098.03,-2533649476.85,,1119702971.12,5137766.07,195410030.43,,,,,1320250767.62,321230750.68,1070666180.0,,196637470.99,,,1588534401.67,-268283634.05,,8294569000.0,75100000.0,4717040000.0,,,13011609000.0,2780400000.0,792798563.46,,,3573198563.46,9438410436.54,-246934.63,6636230391.01,2282828260.46,8919058651.47,2282828260.46,,,8919058651.47,定期报告,未审计,20091029,CNY,合并期末,2020-03-13T14:58:48
20080630,,2062654838.07,,,,,,,,,,,90000.0,179460937.96,2242205776.03,2945348040.64,,,,,,124279869.41,403396638.71,744990302.69,4218014851.45,-1975809075.42,,87240803.79,1377641.62,195410000.43,,,,,284028445.84,82031969.86,1052241675.0,,,,,1134273644.86,-850245199.02,,8294569000.0,75100000.0,3720000000.0,,,12014569000.0,1930400000.0,654663555.21,,,2585063555.21,9429505444.79,-236571.13,6603214599.22,2282828260.46,8886042859.68,2282828260.46,,,8886042859.68,定期报告,未审计,20090820,CNY,合并期末,2020-03-13T14:58:48
20080331,,1655727962.64,,,,,,,,,,,90000.0,85414029.17,1741231991.81,1362822388.03,,,,,,51271570.18,159111282.48,531877604.72,2105082845.41,-363850853.6,,39590355.01,,195380000.43,,,,,234970355.44,71334457.01,22148840.0,,,,,93483297.01,141487058.43,,8293569000.0,74100000.0,1620000000.0,,,9913569000.0,630000000.0,96610095.23,,,726610095.23,9186958904.77,-153515.6,8964441594.0,2282828260.46,11247269854.46,2282828260.46,,,11247269854.46,定期报告,未审计,20090428,CNY,合并期末,2020-03-13T14:58:48
20071231,,4027899869.09,,,,,,,,,,,,638159358.76,4666059227.85,2954827493.75,,,,,,146277422.31,1099990629.84,1278124501.18,5479220047.08,-813160819.23,,650853364.84,2842697.53,,3870096.39,,,,657566158.76,289526585.21,407949663.13,,269924899.75,,16641546.37,984042694.46,-326476535.7,,29720000.0,29720000.0,5923000000.0,,,5952720000.0,3876600000.0,541528242.5,,17800125.0,4435928367.5,1516791632.5,-482261.1,376672016.47,1906156243.99,2282828260.46,1906156243.99,,,2282828260.46,定期报告,是,20090331,CNY,合并期末,2021-03-07T20:10:03
20070930,,2825213661.73,,,,,,,,,,,,2148456577.24,4973670238.97,2010393424.59,,,,,,109183974.02,1006527600.39,2176081472.26,5302186471.26,-328516232.29,,374451127.7,2359161.53,200.0,3870096.39,,,,380680585.62,222725886.27,221781213.13,,,,2186317.67,446693417.07,-66012831.45,,29720000.0,29720000.0,5313000000.0,,,5342720000.0,3071000000.0,480088981.14,,,3551088981.14,1791631018.86,,1397101955.12,1906156243.99,3303258199.11,1906156243.99,,,3303258199.11,定期报告,未审计,20081030,CNY,合并期末,2020-03-13T14:58:48
20070630,,2371950046.65,,,,,,,,,,,,392205758.13,2764155804.78,1339498441.6,,,,,,75818736.26,757357529.84,504060141.33,2676734849.03,87420955.75,,219011119.94,669286.8,200.0,,,,,219680606.74,187971781.73,89257245.0,,,,,277229026.73,-57548419.99,,29720000.0,,3963000000.0,,,3992720000.0,2150000000.0,419397823.4,,,2569397823.4,1423322176.6,,1453194712.36,1906156243.99,3359350956.35,1906156243.99,,,3359350956.35,定期报告,未审计,20080816,CNY,合并期末,2020-03-13T14:58:48
20070331,,358783363.54,,,,,,,,,,,,214199210.12,572982573.66,895004450.28,,,,,,31455549.85,208728337.4,138569297.82,1273757635.35,-700775061.69,,80005350.0,65497421.78,,,,,,145502771.78,153709687.77,48917350.0,,,,,202627037.77,-57124265.99,,22860000.0,,1690000000.0,,,1712860000.0,1050000000.0,67419123.99,,,1117419123.99,595440876.01,,-162458451.67,1906156243.99,1743697792.32,1906156243.99,,,1743697792.32,定期报告,未审计,20080430,CNY,合并期末,2020-03-13T14:58:48
20061231,,3740466088.38,,,,,,,,,,,1675.35,969202800.15,4709670563.88,3102819550.33,,,,,,91442555.32,395484902.57,955651148.46,4545398156.68,164272407.2,,715896181.08,3638128.38,50620.57,,,,,719584930.03,773609634.29,736068139.39,,,,,1509677773.68,-790092843.65,,1199999850.0,,4170000000.0,,,5369999850.0,3240073000.0,441864431.28,,18880866.67,3700818297.95,1669181552.05,-2733984.91,1040627130.69,865529113.3,1906156243.99,865529113.3,,,1906156243.99,募集说明书,是,20090828,CNY,合并期末,2020-03-13T14:58:48
20060930,,644442256.26,,,,,,,,,,,9000000.0,550180581.81,1203622838.07,2382093630.57,,,,,,52298734.05,298344661.76,434867291.61,3167604317.99,-1963981479.92,,578310516.9,17936200.91,50620.57,,,,,578361137.47,425602509.45,622981740.0,,,,,1048584249.45,-470223111.98,,900000000.0,,4042276736.0,,,4042276736.0,934473000.0,171276258.0,,3640642.0,1109389900.0,2932886836.0,,498682244.1,865529113.3,1364211357.4,865529113.3,,,1364211357.4,定期报告,未审计,20071030,CNY,合并期末,2020-03-13T14:58:48
20060630,,386278112.62,,,,,,,,,,,9000000.0,529732931.49,925011044.11,1914006557.82,,,,,,38515344.22,281439536.37,107525422.37,2341486860.78,-1416475816.67,,534728371.87,4484095.88,50620.57,,,,,534778992.44,480245970.24,599612150.0,,,,,1079858120.24,-545079127.8,,900000000.0,,3029200000.0,,2552.61,3029202552.61,600073000.0,101217314.63,,40443.0,701330757.63,2327871794.98,,366316850.51,865529113.3,1231845963.81,865529113.3,,,1231845963.81,定期报告,未审计,20070807,CNY,合并期末,2020-03-13T14:58:48
20060331,,131279039.22,,,,,,,,,,,,540481009.14,671760048.36,607870723.4,,,,,,13078295.95,166979888.74,106599562.23,894528470.32,-222768421.96,,270000000.0,109704.08,150.0,,25417.28,,,270135271.36,182688614.87,523000000.0,,5582.04,,5582.04,705694196.91,-435558925.55,,73000.0,,1170000000.0,,2382.61,1170075382.61,40073000.0,86168353.67,,40000.0,126281353.67,1043794028.94,,385466681.43,865529113.3,1250995794.73,865529113.3,,,1250995794.73,定期报告,未审计,20070428,CNY,合并期末,2020-03-13T14:58:48
20051231,,2833925182.57,,,,,,,,,,,219712.39,276797771.82,3110942666.78,2778366356.82,,,,,,59520360.07,196566013.28,89025293.03,3123478023.2,-12535356.42,,8067870513.86,18722146.73,,,,,,8086592660.59,568070792.57,7908000000.0,,,,3914760.25,8479985552.82,-393392892.23,,97500000.0,,2890000000.0,,1806349.57,2989306349.57,3285098460.0,186288102.81,,1000075.7,3472386638.51,-483080288.94,4200.26,-889004337.33,1754533450.63,865529113.3,1754533450.63,,,865529113.3,定期报告,是,20060221,CNY,合并期末,2020-03-13T14:58:48
20050930,,1232007770.67,,,,,,,,,,,5000000.0,178562281.91,1415570052.58,1563494333.44,,,,,,35193725.59,211250583.21,279248506.6,2089187148.84,-673617096.26,,7117870513.86,17416174.03,,,56677.84,,,7135343365.73,308600646.68,6942500000.0,,,,18130464.62,7269231111.3,-133887745.57,,97500000.0,,1430000000.0,,4023.39,1527504023.39,1250000000.0,169249870.8,,1000124.8,1420249995.6,107254027.79,,-700250814.04,1754533450.63,1054282636.59,1754533450.63,,,1054282636.59,定期报告,未审计,20051021,CNY,合并期末,2020-03-13T14:58:48
20050630,,952390283.13,,,,,,,,,,,,104106965.61,1056497248.74,758010016.21,,,,,,26895925.2,152139187.56,25485662.33,962530791.3,93966457.44,,5410313793.92,12212984.79,,,50316.58,,,5422577095.29,261489553.35,5263500000.0,,,,,5524989553.35,-102412458.06,,,,1220000000.0,,,1220000000.0,1015000000.0,157666127.85,,1000000.0,1173666127.85,46333872.15,,37887871.53,1754533450.63,1692276760.95,1754533450.63,100144561.21,,1792421322.16,定期报告,未审计,20050806,CNY,合并期末,2020-03-13T14:58:48
20050331,,163656576.42,,,,,,,,,,,,5286750.07,168943326.49,670677836.32,,,,,,8814992.46,94747458.09,17155063.33,791395350.2,-622452023.71,,2590170137.15,2580759.32,,,39310.04,,,2592790206.51,859898.25,2587530424.87,,,,,2588390323.12,4399883.39,,,,700000000.0,,,700000000.0,500000000.0,8447876.88,,,508447876.88,191552123.12,,-426500017.2,1754533450.63,1328033433.43,1754533450.63,,,1328033433.43,定期报告,未审计,20050419,CNY,合并期末,2020-03-13T14:58:48
20041231,,1510142979.73,,,,,,,,,,,26396988.54,43310005.38,1579849973.65,1629109797.6,,,,,,30763072.46,167052249.02,59691063.73,1886616182.81,-306766209.16,,2633263398.27,6616606.51,,,,,,2639880004.78,4834369.0,2631595220.29,,,,,2636429589.29,3450415.49,,691805933.87,,1785000000.0,,9103731.93,2485909665.8,460000000.0,201913438.88,,2852008.3,664765447.18,1821144218.62,,1517828424.95,236705025.68,1754533450.63,236705025.68,,,1754533450.63,定期报告,是,20050308,CNY,合并期末,2020-03-13T14:58:48
20040930,,940459037.89,,,,,,,,,,,523.14,47729436.59,988188997.62,1088300958.23,,,,,,20576345.4,148981882.73,73941197.05,1331800383.41,-343611385.79,,2085367201.84,2925782.31,,,,,,2088292984.15,3685957.0,2111517610.0,,,,,2115203567.0,-26910582.85,,2900000.0,,1218000000.0,,,1220900000.0,410000000.0,171175527.56,,,581175527.56,639724472.44,,269202503.8,236705025.68,505907529.48,236705025.68,,,505907529.48,定期报告,未审计,20041012,CNY,合并期末,2020-03-13T14:58:48
20040630,,709789338.89,,,,,,,,,,,,33849926.14,743639265.03,629049265.5,,,,,,13546942.66,106299869.17,46532831.3,795428908.63,-51789643.6,,410703174.7,2282497.77,,,,,,412985672.47,1010732.0,415017610.0,,,,,416028342.0,-3042669.53,,2900000.0,,844000000.0,,,846900000.0,180000000.0,134706004.95,,,314706004.95,532193995.05,,477361681.92,236705025.68,714066707.6,236705025.68,,,714066707.6,定期报告,未审计,20040713,CNY,合并期末,2020-03-13T14:58:48
20040331,,468703924.22,,,,,,,,,,,,26831939.24,495535863.46,290890926.43,,,,,,6475593.24,89896779.65,22726787.76,409990087.08,85545776.38,,200000000.0,242944.31,,,,,,200242944.31,285160.0,207100000.0,,,,,207385160.0,-7142215.69,,,,274000000.0,,,274000000.0,100000000.0,104190748.56,,,204190748.56,69809251.44,,148212812.13,236705025.68,384917837.81,236705025.68,,,384917837.81,定期报告,未审计,20050419,CNY,合并期末,2020-03-13T14:58:48
20031231,,1494375236.47,,,,,,,,,,,,73683409.55,1568058646.02,1348954443.66,,,,,,24632579.82,168091372.62,57085651.47,1598764047.57,-30705401.55,,9146392.7,3973356.08,47000.0,,,,,13166748.78,2694288.01,151851174.7,,,,,154545462.71,-141378713.93,,,,1340000000.0,,,1340000000.0,1050000000.0,110073415.01,,494606.4,1160568021.41,179431978.59,,7347863.11,229357162.57,236705025.68,229357162.57,,,236705025.68,定期报告,是,20040116,CNY,合并期末,2020-03-13T14:58:48
20030930,,790863633.35,,,,,,,,,,,,15383896.33,806247529.68,1033516284.58,,,,,,19682304.78,134357339.56,25272943.38,1212828872.3,-406581342.62,,9146392.7,3707531.47,,,,,,12853924.17,1580102.0,151148000.0,,,,,152728102.0,-139874177.83,,,,1040000000.0,,,1040000000.0,500000000.0,87727585.89,,494606.4,588222192.29,451777807.71,,-94677712.74,229357162.57,134679449.83,229357162.57,,,134679449.83,定期报告,未审计,20031023,CNY,合并期末,2020-03-13T14:58:48
20030630,,662792442.51,,,,,,,,,,,,4865124.17,667657566.68,456494322.12,,,,,,12608265.04,125228066.63,11487805.53,605818459.32,61839107.36,,7998392.7,2482287.75,,,,,,10480680.45,498982.0,150000000.0,,,,,150498982.0,-140018301.55,,,,410000000.0,,,410000000.0,175000000.0,67399632.59,,494606.4,242894238.99,167105761.01,,88926566.82,229357162.57,318283729.39,229357162.57,,,318283729.39,定期报告,是,20030812,CNY,合并期末,2020-03-13T14:58:48
20030331,,224314676.25,,,,,,,,,,,1812.08,48456983.2,272673471.53,254119343.48,,,,,,5943679.09,71209616.99,6264502.91,337437142.47,-64763670.94,,,,,,,,,,128840.0,,,,,,128840.0,-128840.0,,,,50000000.0,,,50000000.0,,13352615.3,,,13352615.3,36647384.7,,-28245126.24,229357162.57,201112036.33,229357162.57,,,201112036.33,定期报告,未审计,20040415,CNY,合并期末,2020-03-13T14:58:48
20021231,,693748862.04,,,,,,,,,,,37725581.28,50680335.2,782154778.52,1477979500.96,,,,,,15525867.22,100847767.02,44746353.82,1639099489.02,-856944710.5,,553932.0,3241971.11,80000.0,,,,,3875903.11,2885717.0,24266592.7,,,,,27152309.7,-23276406.59,,401005606.11,,1420000000.0,,261373.86,1821266979.97,705000000.0,41953456.47,,,746953456.47,1074313523.5,,194092406.41,35264756.16,229357162.57,35264756.16,,,229357162.57,定期报告,是,20030218,CNY,合并期末,2020-03-13T14:58:48
20020630,,147972766.48,,,,,,,,,,,37725581.28,10077206.51,195775554.27,469341950.01,,,,,,3546029.94,74007074.4,13682789.31,560577843.66,-364802289.39,,214786.14,1914473.14,,,,,,2129259.28,290280.0,248200.0,,,,,538480.0,1590779.28,,,,695000000.0,,,695000000.0,135000000.0,15147083.19,,,150147083.19,544852916.81,,181641406.7,35264756.16,216906162.86,35264756.16,,,216906162.86,其他,未审计,20020724,CNY,合并期末,2020-03-13T14:58:48
20020331,,11067816.44,,,,,,,,,,,,6013381.32,17081197.76,148579934.03,,,,,,1159165.13,59618506.16,11222806.24,220580411.56,-203499213.8,,,,,,,,,,187190.0,3248200.0,,,,,3435390.0,-3435390.0,,,,330000000.0,,,330000000.0,35000000.0,11662914.99,,,46662914.99,283337085.01,,76402481.21,35274756.16,111677237.37,35274756.16,,,111677237.37,其他,未审计,20020427,CNY,合并期末,2020-03-13T14:58:48
20011231,,517338405.96,,,,,,,,,,,10389451.29,34360465.19,562088322.44,957606949.96,,,,,,7978576.08,78068219.51,37367216.19,1081020961.74,-518932639.3,,1937364.27,,15963.0,,27003307.53,,,28956634.8,2166881.5,11377630.06,,,,,13544511.56,15412123.24,,,,1010000000.0,,,1010000000.0,525000000.0,33558479.84,,2231.8,558560711.64,451439288.36,,-52081227.7,87345983.86,35264756.16,87345983.86,,,35264756.16,其他,是,20020312,CNY,合并期末,2020-03-13T14:58:48
20010630,,140429222.53,,,,,,,,,,,10389451.29,29255039.57,180073713.39,212495778.72,,,,,,1172148.24,24606471.56,5141603.69,243416002.21,-63342288.82,,,,16990.0,,4548755.25,,,4565745.25,896659.0,11377630.06,,,,,12274289.06,-7708543.81,,,,160000000.0,,20732678.92,180732678.92,30000000.0,4371862.5,,2231.8,34374094.3,146358584.62,,75307751.99,87345983.86,162653735.85,87345983.86,,,162653735.85,其他,是,20010713,CNY,合并期末,2020-03-13T14:58:48
20001231,,111753349.93,,,,,,,,,,,,37584129.12,149337479.05,161424204.49,,,,,,6156689.6,3007988.2,10489701.43,181078583.72,-31741104.67,,1448960.0,78120.0,25000.0,,,,,1552080.0,185515.0,2662165.39,,,,,2847680.39,-1295600.39,,9392452.0,,105000000.0,,104394.74,114496846.74,6000000.0,2075276.24,,,8075276.24,106421570.5,,73384865.44,15015105.42,87345983.86,15015105.42,1053987.0,,88399970.86,其他,是,20010227,CNY,合并期末,2020-03-13T14:58:48
20000630,,51454316.33,,,,,,,,,,,,50439347.8,101893664.13,42017038.1,,,,,,3952638.59,2759816.84,5110467.79,53839961.32,48053702.81,,1448960.0,78120.0,25000.0,,,,,1552080.0,185515.0,10662165.39,,,,,10847680.39,-9295600.39,,,,5000000.0,,,5000000.0,6000000.0,1145961.14,,,7145961.14,-2145961.14,,36612141.28,13059910.14,49672051.42,13059910.14,,,49672051.42,其他,未审计,20000803,CNY,合并期末,2020-03-13T14:58:48
19991231,,213499456.68,,,,,,,,,,,812000.0,10160.64,214321617.32,166993457.75,,,,,,9661211.0,9413872.65,18086299.99,204154841.39,10166775.93,,7000000.0,600000.0,498522.39,,,,,8098522.39,,,,,,,1733277.87,6367402.3,,,,7500000.0,,1806632.64,9306632.64,12500000.0,12857442.94,,757474.96,26114917.9,-16808285.26,,-274107.03,15289212.45,15015105.42,15289212.45,,,15015105.42,其他,是,20000229,CNY,合并期末,2020-03-13T14:58:48
19981231,,168903079.19,,,,,,,,,,,,9097.27,168912176.46,122585116.16,,,,,,10124848.79,9933028.6,22479538.54,165122532.09,3789644.37,,80000.0,1010209.35,,,5653.61,,,1095862.96,7004935.92,,,,,,7004935.92,-5909072.96,,,,1400000.0,,,1400000.0,15270000.0,9024663.32,,302986.4,24597649.72,-23197649.72,,-25317078.31,40606290.76,15289212.45,40606290.76,,,15289212.45,其他,是,19990326,CNY,合并期末,2020-03-13T14:58:48
