报告日,营业总收入,营业收入,利息收入,已赚保费,手续费及佣金收入,房地产销售收入,其他业务收入,营业总成本,营业成本,手续费及佣金支出,房地产销售成本,退保金,赔付支出净额,提取保险合同准备金净额,保单红利支出,分保费用,其他业务成本,营业税金及附加,研发费用,销售费用,管理费用,财务费用,利息费用,利息支出,投资收益,对联营企业和合营企业的投资收益,以摊余成本计量的金融资产终止确认产生的收益,汇兑收益,净敞口套期收益,公允价值变动收益,期货损益,托管收益,补贴收入,其他收益,资产减值损失,信用减值损失,其他业务利润,资产处置收益,营业利润,营业外收入,非流动资产处置利得,营业外支出,非流动资产处置损失,利润总额,所得税费用,未确认投资损失,净利润,持续经营净利润,终止经营净利润,归属于母公司所有者的净利润,被合并方在合并前实现净利润,少数股东损益,其他综合收益,归属于母公司所有者的其他综合收益,（一）以后不能重分类进损益的其他综合收益,重新计量设定受益计划变动额,权益法下不能转损益的其他综合收益,其他权益工具投资公允价值变动,企业自身信用风险公允价值变动,（二）以后将重分类进损益的其他综合收益,权益法下可转损益的其他综合收益,可供出售金融资产公允价值变动损益,其他债权投资公允价值变动,金融资产重分类计入其他综合收益的金额,其他债权投资信用减值准备,持有至到期投资重分类为可供出售金融资产损益,现金流量套期储备,现金流量套期损益的有效部分,外币财务报表折算差额,其他,归属于少数股东的其他综合收益,综合收益总额,归属于母公司所有者的综合收益总额,归属于少数股东的综合收益总额,基本每股收益,稀释每股收益,数据源,是否审计,公告日期,币种,类型,更新日期
20260331,3635312438.84,3635312438.84,,,,,,3700267946.07,3656991887.26,,,,,,,,,20845165.43,,3253285.46,20172674.48,-995066.56,565351.31,,39.8,,,,,0.0,,,,306648.3,-11623495.84,1843406.62,,171958.98,-74256949.37,72640.79,,1152683.09,,-75336991.67,-10300473.37,,-65036518.3,-65036518.3,,-58122898.04,,-6913620.26,1044058.2,1087580.07,,,,,,1087580.07,,,,,,,,,1087580.07,,-43521.87,-63992460.1,-57035317.97,-6957142.13,-0.0747,-0.0747,定期报告,未审计,20260430,CNY,合并期末,2026-04-29T19:14:06
20251231,9428568220.44,9428568220.44,,,,,,9775667768.68,9572816115.19,,,,,,,,,64014675.08,,25340665.31,116396709.44,-2900396.34,11450686.26,,27019593.49,2759745.45,,,,-2367356.82,,,,287119555.08,-229699072.38,-18941494.54,,660500.72,-283307822.69,1819562.13,,2968484.88,,-284456745.44,19269062.65,,-303725808.09,-303725808.09,,-251765973.83,,-51959834.26,-19732091.43,-17125291.59,-16698637.02,,,-16698637.02,,-426654.57,,,,,,,,,-426654.57,,-2606799.84,-323457899.52,-268891265.42,-54566634.1,-0.32,-0.32,定期报告,是,20260428,CNY,合并期末,2026-04-27T22:14:05
20250930,6744826437.73,6744826437.73,,,,,,7130407457.75,6979305033.87,,,,,,,,,46413965.55,1494119.07,19405772.16,89785268.63,-5996701.53,5942277.21,,14081447.34,,,,,1817146.27,,,,275821839.47,-26239934.86,-2843210.69,,-117898.75,-123061631.24,503234.97,,1270749.88,,-123829146.15,4315236.66,,-128144382.81,-128144382.81,,-101848820.69,,-26295562.12,-2875153.89,-1572821.07,,,,,,-1572821.07,,,,,,,,,-1572821.07,,-1302332.82,-131019536.7,-103421641.76,-27597894.94,-0.131,-0.131,定期报告,未审计,20251028,CNY,合并期末,2025-10-27T16:14:06
20250630,4188443836.95,4188443836.95,,,,,,4419073540.11,4321127572.26,,,,,,,,,32338054.82,1050744.87,12628877.42,60247286.58,-8318995.84,2258933.12,,12298707.23,-74429.81,,,,1817146.27,,,,186182569.12,-32422543.19,-6327662.07,,-157214.99,-69238700.79,351549.38,,1054878.07,,-69942029.48,-933952.67,,-69008076.81,-69008076.81,,-49596929.73,,-19411147.08,-1116977.38,-647296.06,,,,,,-647296.06,,,,,,,,,-647296.06,,-469681.32,-70125054.19,-50244225.79,-19880828.4,-0.0638,-0.0638,定期报告,未审计,20250830,CNY,合并期末,2025-08-29T16:40:04
20250331,1742838031.5,1742838031.5,,,,,,1800321098.7,1751540087.79,,,,,,,,,14036138.54,473063.87,5437930.81,34244542.97,-5410665.28,,,1829669.83,,,,,952668.61,,,,76177264.02,-6964765.06,2561681.08,,-27598.8,17045852.48,204011.16,,118638.37,,17131225.27,7954738.21,,9176487.06,9176487.06,,16168661.25,,-6992174.19,-918914.74,-673096.56,0.0,0.0,0.0,0.0,0.0,-673096.56,0.0,,0.0,0.0,0.0,,0.0,,-673096.56,,-245818.18,8257572.32,15495564.69,-7237992.37,0.0208,0.0208,定期报告,未审计,20260430,CNY,合并期末,2025-04-29T19:58:07
20241231,6733519809.19,6733519809.19,,,,,,6969800739.01,6751123810.75,,,,,,,,,48558338.4,,25269406.15,174240340.45,-29391156.74,12549572.25,,226385115.64,-6083072.34,,,,-2306970.33,,,,173860372.34,-191788661.52,-3178489.17,,1580250.76,-31729312.1,4177147.9,,8907976.12,,-36460140.32,-13703301.45,,-22756838.87,-22756838.87,,39714483.96,,-62471322.83,2280435.87,2157315.85,,,,,,2157315.85,,,,,,,,,2157315.85,,123120.02,-20476403.0,41871799.81,-62348202.81,0.05,0.05,定期报告,是,20260428,CNY,合并期末,2025-04-24T21:06:30
20240930,4491423849.09,4491423849.09,,,,,,4630154325.25,4462669925.23,,,,,,,,,28037563.55,2356124.17,16865401.32,136335003.0,-16109692.02,11300859.79,,191974348.77,,,,,-1191042.41,,,,99914333.01,-61982922.27,891791.53,,1838788.61,92714821.08,3852102.35,,2316651.17,,94250272.26,17732668.36,,76517603.9,76517603.9,,116385619.17,,-39868015.27,-297077.3,-484681.2,,,,,,-484681.2,,,,,,,,,-484681.2,,187603.9,76220526.6,115900937.97,-39680411.37,0.1494,0.1494,定期报告,未审计,20251028,CNY,合并期末,2024-10-30T20:08:08
20240630,2633477404.91,2633477404.91,,,,,,2680448322.24,2564777319.9,,,,,,,,,19162709.08,1593578.98,10105048.86,100637676.36,-15828010.94,9973341.77,,191716613.92,-323650.9,,,,-1924071.18,,,,61318938.73,-32565482.96,-1219733.08,,1805819.05,172161167.15,635529.93,,1849932.97,,170946764.11,14511662.25,,156435101.86,156435101.86,,173825799.4,,-17390697.54,452903.91,329783.89,,,,,,329783.89,,,,,,,,,329783.89,,123120.02,156888005.77,174155583.29,-17267577.52,0.23,0.23,定期报告,未审计,20250830,CNY,合并期末,2024-08-21T18:22:04
20240331,944161665.59,944161665.59,,,,,,955255698.08,907517303.05,,,,,,,,,6643948.8,783892.44,2125712.17,47221062.54,-9036220.92,,,1241.01,,,,,0.0,,,,28657957.95,0.0,229105.03,,195350.42,17989621.92,411203.91,,37682.47,,18363143.36,3991150.72,,14371992.64,14371992.64,,23070341.96,,-8698349.32,422772.31,259433.08,,,,,,259433.08,,,,,,,,,259433.08,,163339.23,14794764.95,23329775.04,-8535010.09,0.0296,0.0296,定期报告,未审计,20250430,CNY,合并期末,2024-04-29T18:32:03
20231231,2843621882.45,2843621882.45,,,,,,2978280067.02,2796926460.53,,,,,,,,,25446229.53,3929093.15,37252014.22,172476187.05,-57749917.46,38212070.65,,6649254.75,-3997329.86,,,,-1108267.44,,,,47707496.14,-655051385.23,-6878944.92,,-1169888.99,-744509920.26,8246234.81,,17668420.81,,-753932106.26,26404965.03,,-780337071.29,-780337071.29,,-678327617.6,,-102009453.69,20484.23,216751.38,,,,,,216751.38,,,,,,,,,216751.38,,-196267.15,-780316587.06,-678110866.22,-102205720.84,-0.87,-0.87,定期报告,是,20250425,CNY,合并期末,2024-04-23T20:47:04
20230930,1540300365.68,1540300365.68,,,,,,1661959339.42,1498620817.64,,,,,,,,,14120640.45,1571709.64,22959470.33,167814542.44,-43127841.08,30608040.48,,6085561.39,,,,,1905089.51,,,,3375278.16,-61082287.03,10318980.07,,-130306.09,-161186657.73,34031793.52,,1409195.07,,-128564059.28,14204763.18,,-142768822.46,-142768822.46,,-75806011.26,,-66962811.2,593898.65,691147.51,,,,,,691147.51,,,,,,,,,691147.51,,-97248.86,-142174923.81,-75114863.75,-67060060.06,-0.0972,-0.0972,定期报告,未审计,20241031,CNY,合并期末,2023-10-26T19:52:03
20230630,916379588.11,916379588.11,0.0,0.0,0.0,,,1027846863.13,927978047.22,0.0,,0.0,0.0,0.0,0.0,0.0,,8836306.28,695647.54,12816328.02,106647407.68,-29126873.61,19864550.12,0.0,6077585.4,-1172715.51,0.0,0.0,0.0,1905089.51,,,,7382210.5,-17793696.96,10251147.82,,-1103107.04,-104748045.79,33715701.76,,836121.21,,-71868465.24,7439355.44,,-79307820.68,-79307820.68,0.0,-31161134.7,,-48146685.98,718349.16,835595.12,0.0,0.0,0.0,0.0,0.0,835595.12,0.0,,0.0,0.0,0.0,,0.0,,835595.12,,-117245.96,-78589471.52,-30325539.58,-48263931.94,-0.04,-0.04,定期报告,未审计,20240822,CNY,合并期末,2023-08-24T22:32:07
20230331,770308733.64,770308733.64,,,,,,860329786.99,811954209.04,,,,,,,,,4749495.07,695647.54,6888403.65,43308249.41,-7266217.72,,,13133699.72,,,,,726460.0,,,,6472306.54,0.0,5871111.45,,37037.96,-63780437.68,18878071.1,,673242.39,,-45575608.97,162426.18,,-45738035.15,-45738035.15,,-14873807.25,,-30864227.9,-251280.24,-251280.24,,,,,,-251280.24,,,,,,,,,-251280.24,,0.0,-45989315.39,-15125087.49,-30864227.9,-0.019,-0.019,定期报告,未审计,20240430,CNY,合并期末,2023-04-28T20:57:07
20221231,5610243846.99,5610243846.99,,,,,,6119405073.39,5599532739.16,,,,,,,,,45836921.73,117474953.41,93254533.79,230773154.25,32532771.05,111741484.93,,312305178.09,-1836750.44,,,,-4424253.27,,,,68647261.1,-213746418.7,-79700089.06,,-2715788.24,-428795336.48,89171771.15,,34021263.01,,-373644828.34,94722084.98,,-468366913.32,-452834434.76,-15532478.56,-210829594.78,,-257537318.54,1930052.2,1982736.88,,,,,,1982736.88,,,,,,,,,1982736.88,,-52684.68,-466436861.12,-208846857.9,-257590003.22,-0.27,-0.27,定期报告,是,20240424,CNY,合并期末,2023-04-28T20:57:07
20220930,4387170382.33,4387170382.33,,,,,,4588327616.19,4115974603.1,,,,,,,,,33543998.81,121593360.61,65368004.9,210372516.78,41475131.99,,,282944762.89,,,,,160370.0,,,,51827471.4,5260614.96,7353266.95,,-21588657.6,124800594.74,69560524.07,,16110574.16,,178250544.65,48627562.23,,129622982.42,-109549505.2,239172487.62,224751358.65,,-95128376.23,2542651.28,2542651.28,,,,,,2542651.28,,,,,,,,,2542651.28,,0.0,132165633.7,227294009.93,-95128376.23,0.2879,0.2879,定期报告,未审计,20231027,CNY,合并期末,2022-10-26T18:02:04
20220630,2803587266.03,2803587266.03,0.0,0.0,0.0,,,2897243262.88,2583884249.61,0.0,,0.0,0.0,0.0,0.0,0.0,,21036495.71,77707950.46,41009607.56,129912181.47,43692778.07,0.0,0.0,8061753.93,0.0,0.0,0.0,0.0,-7725270.0,,,,39778662.71,5260614.96,12562109.47,,-1993374.04,-37711499.82,59516111.02,,8839168.19,,12965443.01,6057195.28,,6908247.73,6908247.73,0.0,24287843.69,,-17379595.96,0.0,0.0,0.0,0.0,0.0,0.0,0.0,0.0,0.0,,0.0,0.0,0.0,,0.0,,0.0,,0.0,6908247.73,24287843.69,-17379595.96,0.0311,0.0311,定期报告,未审计,20230825,CNY,合并期末,2022-08-24T19:02:04
20220331,998037680.48,998037680.48,,,,,,1113882499.16,964105695.64,,,,,,,,,13687889.57,34801449.53,15308706.87,61711927.68,24266829.87,,,1671605.58,,,,,-1653230.0,,,,35128866.6,-2595282.06,14577904.76,,4512.5,-68710441.3,55678012.21,,1884129.14,,-14916558.23,973143.18,,-15889701.41,-15889701.41,,-14374401.04,,-1515300.37,,,,,,,,,,,,,,,,,,,,-15889701.41,-14374401.04,-1515300.37,-0.0184,-0.0184,定期报告,未审计,20230429,CNY,合并期末,2023-04-28T20:57:07
20211231,8848824508.28,8848824508.28,,,,,,8953415635.13,8077652066.56,,,,,,,,,86932520.49,296850788.84,114280474.82,269571015.43,108128768.99,145511351.9,,-26373355.15,-283704.6,,,,17519750.0,,,,164863120.14,-131667778.49,-36384287.95,,8702605.08,-107931073.22,195220347.86,,85007013.21,,2282261.43,1444969.32,,837292.11,837292.11,,83498692.96,,-82661400.85,187914.45,131540.11,,,,,,131540.11,,,,,,,,,131540.11,,56374.34,837292.11,83498692.96,-82661400.85,0.12,0.12,定期报告,是,20230429,CNY,合并期末,2023-04-28T20:57:07
20210930,7181854707.91,7181854707.91,,,,,,7048991234.37,6398821675.93,,,,,,,,,64761905.4,242165931.53,88986131.3,182444312.17,71811278.04,97884260.5,,-16102627.42,,,,,16625415.0,,,,138150683.82,1624972.81,2082294.5,,640018.64,275884230.89,153697816.21,,14648959.34,,414933087.76,47396155.06,,367536932.7,367536932.7,,349371126.3,,18165806.4,,,,,,,,,,,,,,,,,,,,367536932.7,349371126.3,18165806.4,0.4889,0.4889,定期报告,未审计,20221027,CNY,合并期末,2021-10-24T16:22:04
20210630,4615001850.71,4615001850.71,,,,,,4528807310.16,4125130839.08,,,,,,,,,42324279.76,156585266.26,37737184.74,119129997.12,47899743.2,65575759.8,,-10815418.0,,,,,8043150.0,,,,78363225.9,,14142806.16,,224475.98,176152780.59,70370645.91,,10800191.91,,235723234.59,32813199.0,,202910035.59,202910035.59,,200424138.52,,2485897.07,0.0,,,,,,,,,,,,,,,,,,,202910035.59,200424138.52,2485897.07,0.2805,0.2805,定期报告,未审计,20220825,CNY,合并期末,2021-08-25T18:07:04
20210331,1547670522.7,1547670522.7,,,,,,1618870523.86,1507818851.33,,,,,,,,,12998905.99,8078234.09,9501757.96,59052808.47,21419966.02,29259107.61,,-14936513.01,,,,,-606650.0,,,,22328165.15,,25129581.45,,-27119.18,-39312536.75,8765545.34,,1844070.57,,-32391061.98,4269093.64,,-36660155.62,-36660155.62,,-19092420.98,,-17567734.64,49824.25,34876.97,,,,,,34876.97,,,,,,,,,34876.97,,14947.28,-36610331.37,-19057544.01,-17552787.36,-0.0267,-0.0267,定期报告,未审计,20220415,CNY,合并期末,2021-04-19T22:02:04
20201231,8671488587.66,8671488587.66,,,,,,8243709738.53,7395319508.8,,,,,,,,,79353832.95,261793143.32,112192034.88,252180860.36,142870358.22,159004358.86,,-66327166.35,-651252.15,,,,-12687932.25,,,,179110116.87,-72443809.15,-35396358.67,,2172392.76,422206092.34,190672958.74,,46465369.54,,566413681.54,83280733.04,,483132948.5,483132948.5,,474472785.87,,8660162.63,226754.87,158728.41,,,,,,158728.41,,,,,,,,,158728.41,,68026.46,483359703.37,474631514.28,8728189.09,0.66,0.66,定期报告,是,20220330,CNY,合并期末,2021-04-19T22:12:04
20200930,6005722889.9,6005722889.9,,,,,,5729253052.48,5197892142.38,,,,,,,,,53773988.73,73837045.59,98640322.25,184980565.42,120128988.11,117660459.48,,-48072430.75,815714.4,,,,6098370.0,,,,115404676.26,29354280.91,-6578013.63,,-453665.58,372223054.63,138911095.94,,5694995.72,,505439154.85,88342652.13,,417096502.72,417096502.72,,408089867.98,,9006634.74,354160.59,247912.41,,,,,,247912.41,,,,,,,,,247912.41,,106248.18,417450663.31,408337780.39,9112882.92,0.571,0.571,定期报告,未审计,20211025,CNY,合并期末,2020-10-25T16:32:03
20200630,3251161233.29,3251161233.29,,,,,,3138846345.99,2826972895.62,,,,,,,,,29441612.58,37479734.68,58325393.24,105312417.33,81314292.54,82013215.74,,8613014.07,815714.4,,,,-17500000.0,,,,37795042.09,24747837.14,3857501.77,,-217640.7,169610641.67,58428195.7,,3510876.51,,224527960.86,33561841.46,,190966119.4,190966119.4,,194164147.15,,-3198027.75,353130.32,247191.22,,,,,,247191.22,,,,,,,,,247191.22,,105939.1,191319249.72,194411338.37,-3092088.65,0.2717,0.2717,定期报告,未审计,20210826,CNY,合并期末,2020-08-25T18:37:03
20200331,798079636.33,798079636.33,,,,,,892752984.73,776084232.64,,,,,,,,,6214601.03,9372557.82,17004563.3,52358709.96,31718319.98,30650472.68,,15060068.44,-63624.15,,,,19201920.0,,,,6259928.5,-25025106.14,28509941.21,,15519.62,-50651076.77,9442601.28,,1963108.85,,-43171584.34,762954.61,,-43934538.95,-43934538.95,,-23053195.33,,-20881343.62,349486.08,244640.25,,,,,,244640.25,,,,,,,,,244640.25,,104845.83,-43585052.87,-22808555.08,-20776497.79,-0.0323,-0.0323,定期报告,未审计,20210420,CNY,合并期末,2020-04-20T17:47:03
20191231,8171198004.04,8171198004.04,,,,,,7667301021.29,6976679032.87,,,,,,,,,56777801.76,87991503.31,147071902.66,246379115.52,152401665.17,152036583.69,,21855581.73,-1517337.74,,,,-7883350.0,,,,130970264.17,-77743847.85,-5862425.87,,-1233667.42,563999537.51,128734217.99,,9360442.59,,683373312.91,104441761.41,,578931551.5,578931551.5,,503258545.86,,75673005.64,-3042.32,-2129.63,,,,,,-2129.63,,,,,,,,,-2129.63,,-912.69,578928509.18,503256416.23,75672092.95,0.7,0.7,定期报告,是,20210420,CNY,合并期末,2020-04-14T20:22:03
20190930,5649151420.76,5649151420.76,,,,,,5269100576.72,4804276095.02,,,,,,,,,38264863.68,50475963.51,98587879.95,160587884.87,116907889.69,114278499.02,,21379838.4,-618582.47,,,,-916523.28,,,,84990529.05,,-7930910.83,,-761220.92,476812556.46,63008851.7,,5815615.84,,534005792.32,74370591.96,,459635200.36,459635200.36,,402590939.87,,57044260.49,11256.54,7879.58,,,,,,7879.58,,,,,,,,,7879.58,,3376.96,459646456.9,402598819.45,57047637.45,0.5634,0.5634,定期报告,未审计,20201026,CNY,合并期末,2020-03-13T16:00:40
20190630,3235925161.65,3235925161.65,,,,,,3021630412.72,2758385061.93,,,,,,,,,17656435.98,20507570.41,58531920.11,97505729.78,69043694.51,57070968.37,,17372317.07,-464130.39,,,,-213250.0,,,,22610513.39,,2709744.91,,-3043.9,256771030.4,14537947.51,,5034648.63,,266274329.28,34521530.35,,231752798.93,231752798.93,,190169730.46,,41583068.47,11370.84,7959.59,,,,,,7959.59,,,,,,,,,7959.59,,3411.25,231764169.77,190177690.05,41586479.72,0.2661,0.2661,定期报告,未审计,20200826,CNY,合并期末,2020-03-13T16:00:40
20190331,1176030120.47,1176030120.47,,,,,,1181597390.17,1065668564.72,,,,,,,,,5069390.37,10571386.49,14497771.06,48142366.65,37647910.88,34664342.64,,7157586.23,-172070.5,,,,-1039150.0,,,,9765923.2,,14293374.93,,-463834.85,24146629.81,1213016.5,,1123870.33,,24235775.98,-370285.41,,24606061.39,24606061.39,,8287046.99,,16319014.4,11370.84,7959.59,,,,,,7959.59,,,,,,,,,7959.59,,3411.25,24617432.23,8295006.58,16322425.65,0.0116,0.0116,定期报告,未审计,20200421,CNY,合并期末,2020-03-13T16:00:40
20181231,7974016178.93,7974016178.93,,,,,,7422242180.05,6782337921.78,,,,,,,,,47870149.46,34737352.94,148690946.17,241518683.42,167087126.28,169623560.59,,57193315.46,1369958.32,,,,7990535.0,,,,109212496.04,-167799151.81,,,-22964840.85,535406352.72,60657623.13,,25349595.29,,570714380.56,125485982.52,,445228398.04,445228398.04,,374619215.17,,70609182.87,-10090.47,-7063.33,,,,,,-7063.33,,,,,,,,,-7063.33,,-3027.14,445218307.57,374612151.84,70606155.73,0.52,0.52,定期报告,是,20200415,CNY,合并期末,2020-03-13T16:00:40
20180930,5689938794.08,5689938794.08,,,,,,5299510230.26,4893997084.73,,,,,,,,,33258122.02,9203761.33,91954536.68,153354614.8,117742110.7,109378529.18,,53855748.32,-364153.38,,,,2175345.0,,,,129303989.52,-1381564.95,,,-23080357.73,551301723.98,1035694.5,,11651994.56,,540685423.92,101024869.62,,439660554.3,439660554.3,,369553710.28,,70106844.02,19697.41,13788.19,,,,,,13788.19,,,,,,,,,13788.19,,5909.22,439680251.71,369567498.47,70112753.24,0.5167,0.5167,定期报告,未审计,20191025,CNY,合并期末,2020-03-13T16:00:40
20180630,3580327543.3,3580327543.3,,,,,,3413481239.46,3126431232.14,,,,,,,,,21518228.03,4768668.97,53950365.53,129985674.55,76827070.24,70436450.34,,15526995.71,-279127.08,,,,17783560.0,,,,67916854.58,3846669.68,,,296521.56,272216905.37,836443.33,,8235973.66,,264817375.04,52903809.09,,211913565.95,211913565.95,,170056140.99,,41857424.96,12245.07,8571.55,,,,,,8571.55,,,,,,,,,8571.55,,3673.52,211925811.02,170064712.54,41861098.48,0.2378,0.2378,定期报告,未审计,20190806,CNY,合并期末,2020-03-13T16:00:40
20180331,1328454026.94,1328454026.94,,,,,,1341648962.7,1241990499.05,,,,,,,,,9290554.13,383804.54,17799853.65,45286129.21,34064562.03,31067161.09,,16487071.32,472699.81,,,,10915720.0,,,,13462253.28,,,,117942.04,27788050.88,1741204.02,,3882682.24,,25646572.66,6986322.28,,18660250.38,18660250.38,,5780049.36,,12880201.02,-360.17,-252.12,,,,,,-252.12,,,,,,,,,-252.12,,-108.05,18659890.21,5779797.24,12880092.97,0.0081,0.0081,定期报告,未审计,20190427,CNY,合并期末,2020-03-13T16:00:40
20171231,5073360650.3,5073360650.3,,,,,,4646372371.8,4131502073.79,,,,,,,,,32121104.16,1580876.78,144173328.1,160128708.82,145574256.87,146363592.64,,-45986081.64,-1679700.83,,,,20394500.0,,,,71087070.62,,,,-2022942.63,470460824.85,39703076.16,,15828369.17,,494335531.84,92394509.54,,401941022.3,401941022.3,,350838798.15,,51102224.15,14294.24,10005.97,,,,,,10005.97,,,,,,,,,10005.97,,4288.27,401955316.54,350848804.12,51106512.42,0.5537,0.5532,定期报告,是,20190427,CNY,合并期末,2020-03-13T16:00:40
20170930,2820134581.28,2820134581.28,,,,,,2525425248.59,2206920483.49,,,,,,,,,19068040.77,41521.85,94363753.06,102675044.14,97451489.29,82954014.82,,-7465028.37,-2757167.94,,,,,,,,59444872.06,,,,,346689176.38,1742731.91,461706.4,5640537.23,661536.08,342791371.06,58652214.11,,284139156.95,,,256035184.59,,28103972.36,21144.71,14801.3,,,,,,14801.3,,,,,,,,,14801.3,,6343.41,284160301.66,256049985.89,28110315.77,0.4118,0.4118,定期报告,未审计,20181023,CNY,合并期末,2020-03-13T16:00:40
20170630,957852793.16,957852793.16,,,,,,869059665.84,691081957.99,,,,,,,,,9820930.2,,52405970.64,58057209.29,60248359.32,,,-1278829.59,-1790490.96,,,,,,,,15341165.78,,,,,102855463.51,1619282.97,450714.12,1911948.4,112.93,102562798.08,20267135.78,,82295662.3,,,81113371.57,,1182290.73,5120.03,3584.02,,,,,,3584.02,,,,,,,,,3584.02,,1536.01,82300782.33,81116955.59,1183826.74,0.1363,0.1363,定期报告,未审计,20180807,CNY,合并期末,2020-03-13T16:00:40
20170331,144872757.4,144872757.4,,,,,,198352108.66,130766600.37,,,,,,,,,498815.37,,15476802.22,24706411.95,28367988.88,,,-331755.3,-346579.41,,,,,,,,,,,,,-53811106.56,3622207.41,,629173.01,,-50818072.16,-9690475.8,,-41127596.36,,,-37952561.04,,-3175035.32,3932.1,2752.47,,,,,,2752.47,,,,,,,,,2752.47,,1179.63,-41123664.26,-37949808.57,-3173855.69,-0.0638,-0.0638,定期报告,未审计,20180417,CNY,合并期末,2020-03-13T16:00:40
20161231,2164082353.83,2164082353.83,,,,,,1785273737.92,1364276058.94,,,,,,,,,13430503.46,,160107029.31,113051944.85,97604531.0,,,138636.3,3816322.23,,,,2547941.95,,,,,,,,-1619338.66,379875855.5,40171875.17,62790.56,2191259.73,1682129.22,417856470.94,90044469.8,,327812001.14,327812001.14,,305509651.48,-595784.82,22302349.66,-3687.17,-2581.02,,,,,,-2581.02,,,,,,,,,-2581.02,,-1106.15,327808313.97,305507070.46,22301243.51,0.5133,0.5133,定期报告,是,20180417,CNY,合并期末,2020-03-13T16:00:40
20160930,1567720918.49,1567720918.49,,,,,,1263578923.15,962229725.45,,,,,,,,,8552819.7,,123379817.43,79584885.09,73540364.32,,,-11198267.18,-7520581.25,,,,2547941.95,,,,,,,,,295491670.11,15821114.38,1187643.91,3716887.41,1682129.22,307595897.08,66803412.67,,240792484.41,,,223214840.43,,17577643.98,176198.56,123338.99,,,,,,123338.99,,,,,,,,,123338.99,,52859.57,240968682.97,223338179.42,17630503.55,0.375,0.375,定期报告,未审计,20171025,CNY,合并期末,2020-03-13T16:00:40
20160630,848323736.96,848323736.96,,,,,,726050225.16,528000302.02,,,,,,,,,5211272.52,,90636741.37,50510899.49,43442817.65,,,-8643078.45,-7513334.47,,,,,,,,,,,,,113630433.35,5286891.94,530732.06,1395636.67,233.38,117521688.62,29689486.85,,87832201.77,,,79649229.73,,8182972.04,916.43,641.5,,,,,,641.5,,,,,,,,,641.5,,274.93,87833118.2,79649871.23,8183246.97,0.1331,0.1331,定期报告,未审计,20170831,CNY,合并期末,2020-03-13T16:00:40
20160331,119910632.7,119910632.7,,,,,,160178093.12,94890337.37,,,,,,,,,189651.66,,14097546.66,28013184.43,24487073.93,,,21442064.81,-1106380.87,,,,-1467400.0,,,,,,,,,-20292795.61,531766.92,160608.61,87588.13,,-19848616.82,1724033.62,,-21572650.44,,,-19862855.05,,-1709795.39,-137.09,-95.96,,,,,,-95.96,,,,,,,,,-95.96,,-41.13,-21572787.53,-19862951.01,-1709836.52,-0.0332,-0.0332,定期报告,未审计,20170422,CNY,合并期末,2020-03-13T16:00:40
20151231,1865236500.58,1865236500.58,,,,,,1605435378.77,1243139167.14,,,,,,,,,11114858.84,,80098037.83,122466155.86,77843544.92,,,54808199.14,-22313714.34,,,,-2547941.95,,,,,,,,,312061379.0,42606888.12,1085444.51,3125280.51,40076.32,351542986.61,62094436.34,,289448550.27,,,263976358.34,-801837.31,25472191.93,-17527625.51,-17540891.53,,,,,,-17540891.53,,-17571845.58,,,,,,,30954.05,,13266.02,271920924.76,246435466.81,25485457.95,0.4411,0.4411,定期报告,是,20170408,CNY,合并期末,2020-03-13T16:00:40
20150930,1181051067.19,1181051067.19,,,,,,1069967495.62,892200520.69,,,,,,,,,6683269.33,,17863154.64,68001611.4,58580937.25,,,64404133.2,-8390093.97,,,,-3612125.95,,,,,,,,,171875578.82,23599826.13,,1778687.44,40068.73,193696717.51,18772448.51,,174924269.0,,,165689344.39,,9234924.61,-20902.66,-20902.66,,,,,,-20902.66,,,,,,,,,-20902.66,,,174903366.34,165668441.73,9234924.61,0.2769,0.2769,定期报告,未审计,20161027,CNY,合并期末,2020-03-13T16:00:40
20150630,530026192.54,530026192.54,,,,,,560382513.89,465598535.77,,,,,,,,,2371613.01,,4988753.62,42839230.4,34671982.06,,,29329681.91,-4950107.57,,,,,,,,,,,,,-1026639.44,4963727.32,951.33,1210600.16,227.73,2726487.72,-8262974.13,,10989461.85,,,11450836.81,,-461374.96,-5658038.34,-5658038.34,,,,,,-5658038.34,,-5658038.34,,,,,,,,,,5331423.51,5792798.47,-461374.96,0.0191,0.0191,定期报告,未审计,20160827,CNY,合并期末,2020-03-13T16:00:40
20150331,92451213.86,92451213.86,,,,,,129920333.89,93989647.86,,,,,,,,,90332.57,,1651335.41,17094643.32,17637437.12,,,-87918.06,-87918.06,,,,,,,,,,,,,-37557038.09,3021155.63,,550119.25,,-35086001.71,91481.8,,-35177483.51,,,-35194327.63,,16844.12,5967161.85,5967161.85,,,,,,5967161.85,,5967161.85,,,,,,,,,,-29210321.66,-29227165.78,16844.12,-0.0588,-0.0588,定期报告,未审计,20160430,CNY,合并期末,2020-03-13T16:00:40
20141231,1373469800.22,1373469800.22,,,,,,1167399055.06,978516372.9,,,,,,,,,5905728.02,,7116951.8,104282437.85,67073902.51,,,-6420367.01,-6804368.01,,,,,,,,,,,,,199650378.15,89495338.92,158129.16,4040489.85,529343.01,285105227.22,40120687.08,,244984540.14,,,129662065.72,,115322474.42,6155005.35,6155005.35,,,,,,6155005.35,,6155005.35,,,,,,,,,,251139545.49,135817071.07,115322474.42,0.3012,0.3012,定期报告,是,20160430,CNY,合并期末,2020-03-13T16:00:40
20140930,1148752713.13,1148752713.13,,,,,,940669419.48,823574734.64,,,,,,,,,4912421.22,,4653737.65,60107897.78,49066514.5,,,-5290463.14,-5290464.14,,,,,,,,,,,,,202792830.51,61962408.59,,3187137.57,524320.02,261568101.53,43011220.8,,218556880.73,,,219315483.81,,-758603.08,6630875.55,6630875.55,,,,,,6630875.55,,6630875.55,,,,,,,,,,225187756.28,225946359.36,-758603.08,0.3665,0.3665,定期报告,未审计,20151031,CNY,合并期末,2020-03-13T16:00:40
20140630,630514063.87,630514063.87,,,,,,562097524.73,486506769.56,,,,,,,,,2297276.4,,3326629.45,37362742.16,33087647.2,,,-4972746.19,-4972747.19,,,,,,,,,,,,,63443792.95,37071903.27,,2148098.81,,98367597.41,15051915.45,,83315681.96,,,83608339.4,,-292657.44,4157602.8,4157602.8,,,,,,4157602.8,,4157602.8,,,,,,,,,,87473284.76,87765942.2,-292657.44,0.1397,0.1397,定期报告,未审计,20150826,CNY,合并期末,2020-03-13T16:00:40
20140331,145755673.07,145755673.07,,,,,,182157208.25,146563069.52,,,,,,,,,74421.7,,1410813.16,16900190.41,16665456.24,,,-467623.32,-467623.32,,,,,,,,,,,,,-36869158.5,14918726.14,,831252.61,,-22781684.97,659657.11,,-23441342.08,,,-23075660.88,,-365681.2,1070707.95,1070707.95,,,,,,1070707.95,,1070707.95,,,,,,,,,,-22370634.13,-22004952.93,-365681.2,-0.0386,-0.0386,定期报告,未审计,20150428,CNY,合并期末,2020-03-13T16:00:40
20131231,1592037523.54,1592037523.54,,,,,,1391335357.19,1191426933.65,,,,,,,,,9579246.35,,15426146.48,93798708.1,79830202.5,,,47133306.33,6890135.16,,,,,,,,,,,,,247835472.68,48424066.28,40483.42,16274827.08,3508625.23,279984711.88,49862789.72,,230121922.16,,,140957616.29,,89164305.87,-1740875.36,-1740875.36,,,,,,-1740875.36,,-1740875.36,,,,,,,,,,228381046.8,139216740.93,89164305.87,0.3395,0.3395,定期报告,是,20150310,CNY,合并期末,2020-03-13T16:00:40
20130930,78615377.03,78615377.03,,,,,,86516227.89,61253961.81,,,,,,,,,1985339.96,,2382707.81,12812494.5,6994331.97,,,45668656.98,,,,,,,,,,,,,,37767806.12,1191064.05,,9800727.09,536614.72,29158143.08,7687327.88,,21470815.2,,,21576408.35,,-105593.15,-4124405.63,,,,,,,,,,,,,,,,,,,17346409.57,17452002.72,-105593.15,0.1273,0.1273,定期报告,未审计,20141030,CNY,合并期末,2020-03-13T16:00:40
20130630,27898115.11,27898115.11,,,,,,32539833.19,20884796.43,,,,,,,,,530993.45,,1547846.59,6481388.65,3091920.11,,,,,,,,,,,,,,,,,-4641718.08,1129100.21,,1014982.97,536614.72,-4527600.84,1283893.42,,-5811494.26,,,-5723417.13,,-88077.13,4316408.25,,,,,,,,,,,,,,,,,,,-1495086.01,-1407008.88,-88077.13,-0.0338,-0.0338,定期报告,未审计,20140722,CNY,合并期末,2020-03-13T16:00:40
20130331,4295869.93,4295869.93,,,,,,6802097.07,1689104.18,,,,,,,,,514643.82,,347723.41,2689570.9,1496967.88,,,,,,,,,,,,,,,,,-2506227.14,3861.0,,316083.25,,-2818449.39,174339.0,,-2992788.39,,,-3010567.13,,17778.74,1793832.0,,,,,,,,,,,,,,,,,,,-1198956.39,-1216735.13,17778.74,-0.0178,-0.0178,定期报告,未审计,20140426,CNY,合并期末,2020-03-13T16:00:40
20121231,118781049.06,118781049.06,,,,,,106681971.73,82187089.0,,,,,,,,,11286749.79,,1969638.54,10304113.31,1375623.47,,,,,,,,,,,,,,,,,12099077.33,792756.42,,1018961.47,19383.66,11872872.28,6464546.92,,5408325.36,,,4994511.88,,413813.48,-1076299.2,,,,,,,,,,,,,,,,,,,4332026.16,3918212.68,413813.48,0.0295,0.0295,定期报告,是,20140222,CNY,合并期末,2020-03-13T16:00:40
20120930,114894966.0,114894966.0,,,,,,96513933.53,78395686.35,,,,,,,,,8754050.65,,1080462.66,8566189.62,7666.79,,,,,,,,,,,,,,,,,18381032.47,136527.88,,879324.22,19383.66,17638236.13,6296897.37,,11341338.76,,,10942208.53,,399130.23,-2118964.05,,,,,,,,,,,,,,,,,,,9222374.71,8823244.48,399130.23,0.0646,0.0646,定期报告,未审计,20131031,CNY,合并期末,2020-03-13T16:00:40
20120630,111529613.11,111529613.11,,,,,,91260523.98,77048683.15,,,,,,,,,8487317.62,,395057.68,5613594.48,-15654.7,,,,,,,,,,,,,,,,,20269089.13,1527.88,,698804.21,19383.66,19571812.8,6057538.69,,13514274.11,,,13098179.83,,416094.28,-650264.1,,,,,,,,,,,,,,,,,,,12864010.01,12447915.73,416094.28,0.0773,0.0773,定期报告,未审计,20130827,CNY,合并期末,2020-03-13T16:00:40
20120331,109481192.11,109481192.11,,,,,,86778443.72,75861632.34,,,,,,,,,8320854.57,,113056.74,2500555.51,-9083.02,,,,,,,,,,,,,,,,,22702748.39,1527.88,,564182.62,,22140093.65,5827089.98,,16313003.67,,,15864395.64,,448608.03,773590.05,,,,,,,,,,,,,,,,,,,17086593.72,16637985.69,448608.03,0.0936,0.0936,定期报告,未审计,20130427,CNY,合并期末,2020-03-13T16:00:40
20111231,175649705.0,175649705.0,,,,,,163377811.85,126289368.09,,,,,,,,,20938814.99,,1994472.06,14728423.4,-104127.01,,,,,,,,,,,,,,,,,12271893.15,16439934.4,,1529751.84,7244.5,27182075.71,4962642.4,,22219433.31,,,19650308.88,,2569124.43,-2298347.25,,,,,,,,,,,,,,,,,,,19921086.06,17351961.63,2569124.43,0.1159,0.1159,定期报告,是,20130425,CNY,合并期末,2020-03-13T16:00:40
20110930,161191278.0,161191278.0,,,,,,149652781.32,113736473.19,,,,,,,,,22871508.97,,1372829.63,11304767.34,-122516.66,,,,,,,,,,,,,,,,,11538496.68,657349.27,,837725.95,,11358120.0,3416512.23,,7941607.77,,,7746666.93,,194940.84,-1973215.2,,,,,,,,,,,,,,,,,,,5968392.57,5773451.73,194940.84,0.0457,0.0457,定期报告,未审计,20121031,CNY,合并期末,2020-03-13T16:00:40
20110630,159683310.0,159683310.0,,,,,,144749639.77,113087253.19,,,,,,,,,22697087.76,,1095822.37,7222156.83,-64280.8,,,,,,,,,,,,,,,,,14933670.23,,,333597.89,,14600072.34,3991047.7,,10609024.64,,,10358872.15,,250152.49,1849889.25,,,,,,,,,,,,,,,,,,,12458913.89,12208761.4,250152.49,0.0611,0.0611,定期报告,未审计,20120818,CNY,合并期末,2020-03-13T16:00:40
20110331,72158983.0,72158983.0,,,,,,52511558.92,42771686.95,,,,,,,,,6623081.3,,363692.51,3613106.21,-23735.13,,,,,,,,,,,,,,,,,19647424.08,,,223550.69,,19423873.39,5484847.05,,13939026.34,,,13720339.36,,218686.98,863281.65,,,,,,,,,,,,,,,,,,,14802307.99,14583621.01,218686.98,0.0809,0.0809,定期报告,未审计,20120427,CNY,合并期末,2020-03-13T16:00:40
20101231,79462723.89,79462723.89,,,,,,73687756.11,53611226.2,,,,,,,,,9200236.91,,3207161.14,7819934.05,192763.82,,,,,,,,,,,,,,,,,5774967.78,378106.29,,1436797.76,1470.9,4716276.31,2894230.45,,1822045.86,,,2237807.47,,-415761.61,2965428.52,,,,,,,,,,,,,,,,,,,4787474.38,5203235.99,-415761.61,0.0132,0.0132,定期报告,是,20120421,CNY,合并期末,2020-03-13T16:00:40
20100930,49144911.0,49144911.0,,,,,,52894802.15,39719916.72,,,,,,,,,4590209.08,,2154465.63,6093663.42,241923.9,,,,,,,,,,,,,,,,,-3749891.15,126998.57,,847057.33,,-4469949.91,-407387.51,,-4062562.4,,,-4022261.18,,-40301.22,5426341.8,,,,,,,,,,,,,,,,,,,1363779.4,1404080.62,-40301.22,-0.0237,-0.0237,定期报告,未审计,20111022,CNY,合并期末,2020-03-13T16:00:40
20100630,42952925.0,42952925.0,,,,,,44829546.25,35341552.54,,,,,,,,,3627019.71,,1697544.24,3760889.48,280101.89,,,,,,,,,,,,,,,,,-1876621.25,128255.74,,669344.55,,-2417710.06,-84369.28,,-2333340.78,,,-2302353.21,,-30987.57,-981001.87,,,,,,,,,,,,,,,,,,,-3314342.65,-3283355.08,-30987.57,-0.0136,-0.0136,定期报告,未审计,20110824,CNY,合并期末,2020-03-13T16:00:40
20100331,28280655.0,28280655.0,,,,,,29742585.11,24071909.39,,,,,,,,,2398302.8,,1430711.41,1695868.49,145793.02,,,,,,,,,,,,,,,,,-1461930.11,,,149627.0,,-1611557.11,-10009.81,,-1601547.3,,,-1517024.01,,-84523.29,2259107.17,,,,,,,,,,,,,,,,,,,657559.87,742083.16,-84523.29,-0.0089,-0.0089,定期报告,未审计,20110427,CNY,合并期末,2020-03-13T16:00:40
20091231,320925310.24,320925310.24,,,,,,309026799.54,268273512.56,,,,,,,,,27481907.44,,3128533.76,10211204.12,6953152.52,,,19386352.3,,,,,,,,,,,,,,31284863.0,87948.92,,1209355.09,,30163456.83,11175657.18,,18987799.65,,,18535110.71,,452688.94,685567.83,,,,,,,,,,,,,,,,,,,19673367.48,19220678.54,452688.94,0.1093,0.1093,定期报告,是,20110422,CNY,合并期末,2020-03-13T16:00:40
20090930,287139391.0,287139391.0,,,,,,291843535.18,256631953.13,,,,,,,,,24174699.75,,2662986.0,8119763.78,5531339.59,,,19386352.3,,,,,,,,,,,,,,14682208.12,3025.77,,430063.81,,14255170.08,3989653.99,,10265516.09,,,10399987.8,,-134471.71,2627471.98,,,,,,,,,,,,,,,,,,,12892988.07,13027459.78,-134471.71,0.061,0.061,定期报告,未审计,20101026,CNY,合并期末,2020-03-13T16:00:40
20090630,63984872.0,63984872.0,,,,,,64932518.64,51702028.73,,,,,,,,,5481348.86,,1732482.29,5575221.02,4081573.2,,,19310861.87,,,,,,,,,,,,,,18363215.23,3025.77,,378953.81,,17987287.19,3041659.47,,14945627.72,,,14985060.04,,-39432.32,-2990100.03,,,,,,,,,,,,,,,,,,,11955527.69,11994960.01,-39432.32,0.088,0.088,定期报告,未审计,20100825,CNY,合并期末,2020-03-13T16:00:40
20090331,53010991.0,53010991.0,,,,,,50191640.24,43338031.26,,,,,,,,,4550928.51,,1626263.41,929544.05,2133486.74,,,,,,,,,,,,,,,,,2819350.76,3025.77,,364005.46,,2458371.07,1207200.84,,1251170.23,,,1434500.8,,-183330.57,7330022.7,,,,,,,,,,,,,,,,,,,8581192.93,8764523.5,-183330.57,0.01,0.01,定期报告,未审计,20100430,CNY,合并期末,2020-03-13T16:00:40
20081231,5406721.5,5406721.5,,,,,,56445517.04,3140945.63,,,,,,,,,438567.56,,7770951.55,9191471.21,6673548.37,,,25324093.43,,,,,,,,,,,,,,-25714702.11,3059138.29,,1475510.87,,-24131074.69,-2735566.71,,-21395507.98,,,-21292795.17,,-102712.81,-58712939.61,,,,,,,,,,,,,,,,,,,-80108447.59,-80005734.78,-102712.81,-0.1256,-0.1256,定期报告,是,20100430,CNY,合并期末,2020-03-13T16:00:40
20080930,2593489.5,2593489.5,,,,,,22746998.64,856834.48,,,,,,,,,196275.29,,6476788.38,8393609.1,4827876.86,,,15894392.58,,,,,,,,,,,,,,-4259116.56,3059138.29,,461947.87,,-1661926.14,887412.97,,-2549339.11,,,-2639475.09,,90135.98,,,,,,,,,,,,,,,,,,,,-2549339.11,-2639475.09,90135.98,-0.0156,-0.0156,定期报告,未审计,20091028,CNY,合并期末,2020-03-13T16:00:40
20080630,2593489.5,2593489.5,,,,,,19679426.89,856834.48,,,,,,,,,196275.29,,5780010.37,7020040.12,3216822.65,,,15894392.58,,,,,,,,,,,,,,-1191544.81,3058138.29,,328574.75,,1538018.73,990207.58,,547811.15,,,248770.24,,299040.91,,,,,,,,,,,,,,,,,,,,,,,0.001,0.001,定期报告,未审计,20090828,CNY,合并期末,2020-03-13T16:00:40
20080331,1392200.0,1392200.0,,,,,,7780961.3,408298.65,,,,,,,,,74761.14,,3664638.17,2036548.2,1550089.78,,,,,,,,,,,,,,,,,-6388761.3,3546.66,,,,-6385214.64,118114.91,,-6503329.55,,,-6504963.29,,1633.74,,,,,,,,,,,,,,,,,,,,,,,-0.04,-0.04,定期报告,未审计,20090427,CNY,合并期末,2020-03-13T16:00:40
20071231,125856637.53,125856637.53,,,,,,97227725.46,73702352.38,,,,,,,,,7808109.09,,2599521.77,6638233.79,7386482.51,,,,,,,,,,,,,,,,,28628912.07,179184.81,,300284.29,,28507812.59,9457164.7,,19050647.89,,,10525272.7,,8525375.19,,,,,,,,,,,,,,,,,,,,,,,0.062,0.062,定期报告,是,20090331,CNY,合并期末,2020-03-13T16:00:40
20070930,1742941.0,1742941.0,,,,,,10973514.33,714865.82,,,,,,,,,114162.63,,1135435.95,3449903.15,5559146.78,,,,,,,,,,,,,,,,,-9230573.33,,,46414.31,,-9276987.64,481219.56,,-9758207.2,,,-9315343.8,,-442863.4,,,,,,,,,,,,,,,,,,,,,,,-0.055,-0.055,定期报告,未审计,20081023,CNY,合并期末,2020-03-13T16:00:40
20070630,1742941.0,1742941.0,,,,,,7690651.37,714865.82,,,,,,,,,114162.63,,1031487.67,2112407.48,3717727.77,,,,,,,,,,,,,,,,,-5947710.37,,,6614.03,,-5954324.4,481219.56,,-6435543.96,,,-5772795.52,,-662748.44,,,,,,,,,,,,,,,,,,,,,,,-0.03,-0.03,定期报告,未审计,20080728,CNY,合并期末,2020-03-13T16:00:40
20070331,1742941.0,1742941.0,,,,,,5013653.07,714865.82,,,,,,,,,114162.63,,255875.24,2083534.23,1845215.15,,,,,,,,,,,,,,,,,-3270712.07,,,100.0,,-3270812.07,,,-3270812.07,,,-2968891.06,,-301921.01,,,,,,,,,,,,,,,,,,,,,,,-0.02,-0.02,定期报告,未审计,20080415,CNY,合并期末,2020-03-13T16:00:40
20061231,118300484.98,118300484.98,,,,,,78654040.81,56742770.93,,,,,,,,,8138012.93,,864899.32,6688678.74,7193428.03,,,-44560.82,,,,,,,,,,,,47275.0,,39601883.35,2983.12,,312038.42,,39292828.05,16378136.24,,22914691.81,,,22117899.05,,796792.76,,,,,,,,,,,,,,,,,,,,,,,0.1305,0.1305,定期报告,是,20080220,CNY,合并期末,2020-03-13T16:00:40
20060930,104168766.0,104168766.0,,,,,,73373316.04,52926938.84,,,,,,,,,5079817.72,,515532.4,9769922.07,5081105.01,,,-10421384.16,,,,,,,,,,,,47275.0,,30795449.96,2032.63,,55277.91,,30742204.68,14814057.41,,15928147.27,,,15673381.23,,254766.04,,,,,,,,,,,,,,,,,,,,,,,0.092,0.092,定期报告,未审计,20071030,CNY,合并期末,2020-03-13T16:00:40
20060630,43423487.0,43423487.0,,,,,,25606659.53,15628552.9,,,,,,,,,2432609.93,,215518.4,3972587.51,3357390.79,,,-7839475.11,,,,,,,,,,,,47275.0,,17816827.47,,,27330.5,,17789496.97,7587955.96,,10201541.01,,,9985490.53,,216050.48,,,,,,,,,,,,,,,,,,,,,,,0.06,0.06,定期报告,未审计,20070723,CNY,合并期末,2020-03-13T16:00:40
20060331,4183240.0,4183240.0,,,,,,4112241.94,2870686.22,,,,,,,,,252020.51,,78092.6,-686677.86,1598120.47,,,-3473782.72,,,,,,,,,,,,28365.0,,70998.06,,,27310.5,,43687.56,,,43687.56,,,-22192.35,,65879.91,,,,,,,,,,,,,,,,,,,,,,,,,定期报告,未审计,20070427,CNY,合并期末,2020-03-13T16:00:40
20051231,106110833.17,105515904.9,,,,,,74670083.15,44577107.65,,,,,,,,,6851242.26,,174019.54,12791855.38,10275858.32,,,-5666648.23,,,,,,,,,,,,594928.27,,25774101.79,10897.71,,531.96,,25784467.54,15900493.71,,9883973.83,,,9803473.71,,80500.12,,,,,,,,,,,,,,,,,,,,,,,,,定期报告,是,20070119,CNY,合并期末,2020-03-13T16:00:40
20050930,4351618.56,3974503.0,,,,,,24493760.05,2842004.82,,,,,,,,,218597.67,,174019.54,13678284.62,7580853.4,,,-1393054.1,,,,,,,,,,,,377115.56,,-21535195.59,10897.71,,31.96,,-21524329.84,,,-21524329.84,,,-20603965.49,,-920364.35,,,,,,,,,,,,,,,,,,,,,,,,,定期报告,未审计,20061018,CNY,合并期末,2020-03-13T16:00:40
20050630,3759317.94,3482628.0,,,,,,20443647.8,2455888.02,,,,,,,,,191544.55,,99198.74,12633091.39,5063925.1,,,-497869.4,,,,,,,,,,,,276689.94,,-17182199.26,10897.71,,,,-17171301.55,,,-17171301.55,,,-16442397.87,,-728903.68,,,,,,,,,,,,,,,,,,,,,,,,,定期报告,未审计,20060809,CNY,合并期末,2020-03-13T16:00:40
20050331,1958460.6,1836318.0,,,,,,15168989.65,1261021.32,,,,,,,,,100997.49,,7446.0,11247381.12,2552143.72,,,397315.3,,,,,,,,,,,,122142.6,,-12813213.75,,,,,-12813213.75,,,-12813213.75,,,-12211701.16,,-601512.59,,,,,,,,,,,,,,,,,,,,,,,,,定期报告,未审计,20060422,CNY,合并期末,2020-03-13T16:00:40
20041231,62429729.66,61978047.8,,,,,,69195533.88,50770554.16,,,,,,,,,3848468.96,,1335605.81,969122.87,12271782.08,,,8251006.13,,,,,,,,34793.33,,,,451681.86,,1519995.24,159594.17,,76978.37,,1602611.04,396540.32,,1206070.72,,,1165187.55,,40883.17,,,,,,,,,,,,,,,,,,,,,,,,,定期报告,是,20060406,CNY,合并期末,2020-03-13T16:00:40
20040930,11151377.73,11485531.0,,,,,,26915332.95,7492368.66,,,,,,,,,631704.21,,874981.81,8311620.1,9604658.17,,,597071.68,,,,,,,,,,,,-334153.27,,-15166883.54,88214.31,,206873.21,,-15285542.44,,,-15285542.44,,,-14328451.14,,-957091.3,,,,,,,,,,,,,,,,,,,,,,,,,定期报告,未审计,20051029,CNY,合并期末,2020-03-13T16:00:40
20040630,7358022.95,7219274.0,,,,,,17649134.9,4788943.4,,,,,,,,,382119.43,,681578.61,4937591.52,6858901.94,,,1492256.38,,,,,,,,,,,,138748.95,,-8798855.57,79164.31,,6872.81,,-8726564.07,,,-8726564.07,,,-8273972.53,,-452591.54,,,,,,,,,,,,,,,,,,,,,,,,,定期报告,未审计,20050820,CNY,合并期末,2020-03-13T16:00:40
20040331,1106624.11,951313.0,,,,,,9854840.44,661062.08,,,,,,,,,52326.72,,355114.98,4968945.75,3817390.91,,,-895184.7,,,,,,,,,,,,155311.11,,-9643401.03,32515.0,,,,-9610886.03,,,-9610886.03,,,-9343441.93,,-267444.1,,,,,,,,,,,,,,,,,,,,,,,,,定期报告,未审计,20050423,CNY,合并期末,2020-03-13T16:00:40
20031231,126782538.62,126089228.41,,,,,,124758403.66,92598944.75,,,,,,,,,7036547.54,,6058206.11,6559557.79,12505147.47,,,17342744.59,,,,,,,,,,,,693310.21,,19366879.55,64453.0,,2351406.8,,17079925.75,3991305.42,,17079925.75,,,16475182.51,,604743.24,,,,,,,,,,,,,,,,,,,,,,,,,定期报告,是,20050416,CNY,合并期末,2020-03-13T16:00:40
20030930,40117102.13,40016310.41,,,,,,55891982.13,27750882.57,,,,,,,,,2200897.05,,3877678.67,11934544.25,10127979.59,,,-5885215.0,,,,,,,,,,,,100791.72,,-21660095.0,24478.0,,2306925.59,,-23942542.59,102607.12,,-24045149.71,,,-23769638.99,,-275510.72,,,,,,,,,,,,,,,,,,,,,,,,,定期报告,未审计,20041022,CNY,合并期末,2020-03-13T16:00:40
20030630,23062385.12,23070069.37,,,,,,36800566.01,15528177.6,,,,,,,,,1268853.81,,2172028.39,11259532.79,6571973.42,,,-6450000.0,,,,,,,,,,,,-7684.25,,-13738180.89,24278.0,,22908.59,,-13736811.48,102607.12,,-13839418.6,,,-13495558.02,,-343860.58,,,,,,,,,,,,,,,,,,,,,,,,,定期报告,未审计,20040818,CNY,合并期末,2020-03-13T16:00:40
20030331,3021641.08,3072507.0,,,,,,15486837.12,2053551.63,,,,,,,,,168987.88,,648519.5,9316359.14,3299418.97,,,,,,,,,,,,,,,-50865.92,,-12465196.04,4278.0,,,,-12460918.04,,,-12460918.04,,,-12010052.15,,-450865.89,,,,,,,,,,,,,,,,,,,,,,,,,定期报告,未审计,20040420,CNY,合并期末,2020-03-13T16:00:40
20021231,121144483.99,120737502.93,,,,,,106529676.32,80432955.64,,,,,,,,,6792393.19,,4934889.18,-2098830.24,16468268.55,,,-2356533.74,,,,,,,,,,,,406981.06,,12258273.93,7440.3,,72393.81,,12193320.42,8716085.81,,3477234.61,,,2624860.74,,852373.87,,,,,,,,,,,,,,,,,,,,,,,,,定期报告,是,20040330,CNY,合并期末,2020-03-13T16:00:40
20020930,92939267.3,92756081.93,,,,,,83523647.6,58689430.99,,,,,,,,,5101584.52,,2565259.53,5670534.34,11496838.22,,,,,,,,,,,,,,,183185.37,,9415619.7,7440.3,,72393.81,,9350666.19,7860580.13,,1490086.06,,,692118.08,,797967.98,,,,,,,,,,,,,,,,,,,,,,,,,定期报告,未审计,20031028,CNY,合并期末,2020-03-13T16:00:40
20020630,80489549.91,80392414.82,,,,,,67782719.16,50709422.64,,,,,,,,,4566455.34,,1569180.12,3489423.82,7448237.24,,,,,,,,,,,,,,,97135.09,,12706830.75,7440.3,,71893.81,,12642377.24,7183189.72,,5459187.52,,,4737238.55,,721948.97,,,,,,,,,,,,,,,,,,,,,,,,,其他,未审计,20030827,CNY,合并期末,2020-03-13T16:00:40
20020331,65292.35,,,,,,,6734716.46,,,,,,,,,,,,,3216274.93,3518441.53,,,,,,,,,,,,,,,65292.35,,-6669424.11,1691.0,,,,-6667733.11,,,-6667733.11,,,-6667733.11,,,,,,,,,,,,,,,,,,,,,,,,,,,其他,未审计,20020430,CNY,合并期末,2020-03-13T16:00:40
20011231,2018105.81,1381736.0,,,,,,30402100.04,1127059.74,,,,,,,,,75995.49,,110126.6,14237561.18,14851357.03,,,51687440.35,,,,,,,,,,,,636369.81,,23303446.12,315.0,,718336.44,,22585424.68,,,22585424.68,,,22585424.68,,,,,,,,,,,,,,,,,,,,,,,,,,,其他,是,20020430,CNY,合并期末,2020-03-13T16:00:40
20010930,15481000.0,15102000.0,,,,,,,,,,,,,,,,,,,,,,,663000.0,,,,,,,,,,,,379000.0,,-12000.0,12000.0,,,,,,,-11695000.0,,,-11695000.0,,,,,,,,,,,,,,,,,,,,,,,,,,,其他,未审计,20011027,CNY,合并期末,2020-03-13T16:00:40
20010630,11850065.67,11586982.44,,,,,,34840947.0,11832064.95,,,,,,,,,13722.55,,1157129.01,15838175.8,5999854.69,,,663200.0,,,,,,,,,,,,263083.23,,-22327681.33,160279.95,,115151.7,,-22282553.08,,14141597.06,-8140956.02,,,-8140956.02,,,,,,,,,,,,,,,,,,,,,,,,,,,其他,未审计,20010825,CNY,合并期末,2020-03-13T16:00:40
20010331,6890000.0,6230000.0,,,,,,,,,,,,,,,,,,,,,,,,,,,,,,,,,,,660000.0,,10000.0,-10000.0,,,,,,,-5670000.0,,,-5670000.0,,,,,,,,,,,,,,,,,,,,,,,,,,,其他,未审计,20010430,CNY,合并期末,2020-03-13T16:00:40
20001231,61060202.96,59903658.99,,,,,,177458463.14,47331805.9,,,,,,,,,1664050.52,,2612959.38,102136412.07,23381411.19,,,-25132449.43,,,,,,,,,,,,1156543.97,,-141530709.61,488555.67,,22211914.21,,-163254068.15,2110418.04,31281980.24,-134082505.95,,,-132898020.38,,-1184485.57,,,,,,,,,,,,,,,,,,,,,,,,,其他,是,20010428,CNY,合并期末,2020-03-13T16:00:40
20000630,30358546.65,30010113.46,,,,,,44090213.57,27834664.08,,,,,,,,,30385.44,,1489699.31,6336560.26,8398904.48,,,3151.47,,,,,,,,,,,,348433.19,,-13728515.45,63237.65,,44156.79,,-13709434.59,,,-13709434.59,,,-13709434.59,,,,,,,,,,,,,,,,,,,,,,,,,,,其他,未审计,20000822,CNY,合并期末,2020-03-13T16:00:40
19991231,95786306.09,93127153.88,,,,,,174237431.06,84277915.67,,,,,,,,,286956.18,,5047068.32,57146599.73,25389602.56,,,-56077083.86,,,,,,,,,,,,2659152.21,,-134528208.83,5373566.78,,38076866.59,,-167231508.64,-37524.17,,-167193984.47,,,-168928566.72,,1734582.25,,,,,,,,,,,,,,,,,,,,,,,,,其他,是,20000420,CNY,合并期末,2020-03-13T16:00:40
19990630,57408848.1,56237628.95,,,,,,73857435.83,52207831.92,,,,,,,,,38568.06,,2742818.98,8596460.83,10271756.04,,,19000.0,,,,,,,,,,,,1171219.15,,-16429587.73,941617.35,,146082.74,,-15634053.12,6887.78,,-15640940.9,,,-15640940.9,,,,,,,,,,,,,,,,,,,,,,,,,,,其他,未审计,19990820,CNY,合并期末,2020-03-13T16:00:40
19981231,139839355.45,136767540.0,,,,,,186859238.38,124817339.67,,,,,,,,,1675995.36,,5546155.91,20647147.59,34172599.85,,,982322.45,,,,,,,,,,,,3071815.45,,-46037560.48,351651.26,,393583.84,,-46079493.06,118484.84,,-46197977.9,,,-46197550.59,,-427.31,,,,,,,,,,,,,,,,,,,,,,,,,其他,是,19990430,CNY,合并期末,2020-03-13T16:00:40
19980630,71340826.9,71278146.81,,,,,,83160772.76,64209278.3,,,,,,,,,87446.04,,1689229.56,7359899.73,9814919.13,,,12570541.25,,,,,,,,,,,,62680.09,,750595.39,75737.23,,1721.93,,824610.69,284651.37,,539959.32,,,539959.32,,,,,,,,,,,,,,,,,,,,,,,,,,,定期报告,未审计,19980818,CNY,合并期末,2020-03-13T16:00:40
19971231,229196113.22,176942867.52,,,,,,219857987.25,167411820.37,,,,,,,,,277917.81,,3914344.88,20770546.26,27483357.93,,,48069073.31,,,,,,,,,,,,52253245.7,,56815986.33,95187.67,,211411.78,,56699762.22,15068297.63,,41631464.59,,,40549242.71,,1082221.88,,,,,,,,,,,,,,,,,,,,,,,,,定期报告,是,19980429,CNY,合并期末,2020-03-13T16:00:40
19970630,27816345.03,28039865.89,,,,,,,,,,,,,,,,,,,,,,,20791495.11,,,,,,,,,,,,-223520.86,,5211450.27,,,,,5211450.27,273892.95,,4937557.32,,,4937557.32,,,,,,,,,,,,,,,,,,,,,,,,,,,定期报告,未审计,19970823,CNY,合并期末,2020-03-13T16:00:40
19961231,195056134.75,194764179.71,,,,,,209496190.09,177838919.16,,,,,,,,,437924.69,,4186110.29,10954898.14,16078337.81,,,52159534.92,,,,,,,,,,,,291955.04,,37552083.58,1367206.53,,439057.38,,38480232.73,1002444.52,,37477788.21,,,36670362.66,,807425.55,,,,,,,,,,,,,,,,,,,,,,,,,定期报告,是,19970429,CNY,合并期末,2020-03-13T16:00:40
19960630,31518164.48,31534085.42,,,,,,,,,,,,,,,,,,,,,,,8748056.64,,,,,,,,,,,,-15920.94,,515230.6,,,,,515230.6,344801.64,,170428.96,,,170428.96,,,,,,,,,,,,,,,,,,,,,,,,,,,定期报告,未审计,19960821,CNY,合并期末,2020-03-13T16:00:40
19951231,194931557.75,194430608.43,,,,,,189228579.95,170506114.6,,,,,,,,,1500490.95,,1877097.27,11809630.38,3535246.75,,,15056857.83,,,,,,,,,,,,500949.32,,20568279.74,78486.63,,89060.1,,20557706.27,4683564.78,,15874141.49,,,15724211.96,,149929.53,,,,,,,,,,,,,,,,,,,,,,,,,定期报告,未审计,19960410,CNY,合并期末,2020-03-13T16:00:40
19950630,90445143.41,90406942.59,,,,,,,,,,,,,,,,,,,,,,,5907399.92,,,,,,,,,,,,38200.82,,9719774.17,,,,,9719774.17,1105916.66,,8613857.51,,,8615920.78,,-2063.27,,,,,,,,,,,,,,,,,,,,,,,,,定期报告,未审计,19950825,CNY,合并期末,2020-03-13T16:00:40
19941231,144941844.26,144332945.4,,,,,,139294909.22,134227793.97,,,,,,,,,326195.07,,1490194.94,6642500.5,-3391775.26,,,28033673.0,,,,,,,,,,,,608898.86,,33680608.04,36814.86,,230610.44,,33486812.46,2776252.8,,30710559.66,,,30710559.66,,,,,,,,,,,,,,,,,,,,,,,,,,,其他,未审计,19950124,CNY,合并期末,2020-03-13T16:00:40
19940630,87463221.66,87463221.66,,,,,,,,,,,,,,,,,,,,,,,14619677.9,,,,,,,,,,,,,,18163683.05,,,,,18163683.05,,,15235606.49,,,15235606.49,,,,,,,,,,,,,,,,,,,,,,,,,,,其他,未审计,19940830,CNY,合并期末,2020-03-13T16:00:40
19931231,115977965.02,115773225.94,,,,,,111233500.62,105153999.91,,,,,,,,,908450.82,,1022826.76,6613060.34,-2464837.21,,,12244438.58,,,,,,,,,,,,204739.08,,16988902.98,7310664.52,,204873.54,,24094693.96,1673383.91,,22421310.05,,,22421310.05,,,,,,,,,,,,,,,,,,,,,,,,,,,其他,未审计,19940407,CNY,合并期末,2020-03-13T16:00:40
