报告日,营业总收入,营业收入,利息收入,已赚保费,手续费及佣金收入,房地产销售收入,其他业务收入,营业总成本,营业成本,手续费及佣金支出,房地产销售成本,退保金,赔付支出净额,提取保险合同准备金净额,保单红利支出,分保费用,其他业务成本,营业税金及附加,研发费用,销售费用,管理费用,财务费用,利息费用,利息支出,投资收益,对联营企业和合营企业的投资收益,以摊余成本计量的金融资产终止确认产生的收益,汇兑收益,净敞口套期收益,公允价值变动收益,期货损益,托管收益,补贴收入,其他收益,资产减值损失,信用减值损失,其他业务利润,资产处置收益,营业利润,营业外收入,非流动资产处置利得,营业外支出,非流动资产处置损失,利润总额,所得税费用,未确认投资损失,净利润,持续经营净利润,终止经营净利润,归属于母公司所有者的净利润,被合并方在合并前实现净利润,少数股东损益,其他综合收益,归属于母公司所有者的其他综合收益,（一）以后不能重分类进损益的其他综合收益,重新计量设定受益计划变动额,权益法下不能转损益的其他综合收益,其他权益工具投资公允价值变动,企业自身信用风险公允价值变动,（二）以后将重分类进损益的其他综合收益,权益法下可转损益的其他综合收益,可供出售金融资产公允价值变动损益,其他债权投资公允价值变动,金融资产重分类计入其他综合收益的金额,其他债权投资信用减值准备,持有至到期投资重分类为可供出售金融资产损益,现金流量套期储备,现金流量套期损益的有效部分,外币财务报表折算差额,其他,归属于少数股东的其他综合收益,综合收益总额,归属于母公司所有者的综合收益总额,归属于少数股东的综合收益总额,基本每股收益,稀释每股收益,数据源,是否审计,公告日期,币种,类型,更新日期
20260331,270424528.74,270424528.74,,,,,,272566539.09,253993684.52,,,,,,,,,735800.14,1589062.76,5360087.79,9532595.11,1355308.77,1204203.84,,,,,,,658517.64,,,,238908.56,-12841135.74,-2338471.6,,-209942.46,-16634133.95,234717.54,,295461.17,,-16694877.58,,,-16694877.58,-16694877.58,,-12572835.65,,-4122041.93,-3030000.0,-3030000.0,-3030000.0,,,-3030000.0,,,,,,,,,,,,,,-19724877.58,-15602835.65,-4122041.93,-0.0363,-0.0363,定期报告,未审计,20260430,CNY,合并期末,2026-04-29T16:14:04
20251231,1018560750.31,1018560750.31,,,,,,1031836529.92,946306180.43,,,,,,,,,2752240.59,7743014.09,19954543.48,48966688.38,6113862.95,6138769.0,,390900.0,,,,,-603920.58,,,,1712814.21,-6276615.79,-2006814.59,,-131733.35,-20191149.71,7459182.8,,1646036.51,,-14378003.42,538073.86,,-14916077.28,-14916077.28,,-14297996.45,,-618080.83,-1590000.0,-1590000.0,-1590000.0,,,-1590000.0,,,,,,,,,,,,,,-16506077.28,-15887996.45,-618080.83,-0.0412,-0.0412,定期报告,是,20260421,CNY,合并期末,2026-04-20T16:30:11
20250930,796891337.2,796891337.2,,,,,,799603228.18,740803192.07,,,,,,,,,2236104.02,5796598.87,14083709.72,30865414.61,5818208.89,7291664.34,,177900.0,,,,,-1500102.95,,,,1264203.84,-5509548.9,-1366361.62,,-531181.26,-10176981.87,1405497.07,,1181452.18,,-9952936.98,207838.31,,-10160775.29,-10160775.29,,-10479801.7,,319026.41,-570000.0,-570000.0,-570000.0,,,-570000.0,,,,,,,,,,,,,,-10730775.29,-11049801.7,319026.41,-0.0302,-0.0302,定期报告,未审计,20251028,CNY,合并期末,2025-10-27T16:06:15
20250630,498602831.86,498602831.86,,,,,,501522715.68,461629349.99,,,,,,,,,1377480.17,3667863.82,8899451.17,19833482.32,6115088.21,5349044.12,,,,,,,-232544.43,,,,484398.74,-1016360.76,-1094798.08,,-508876.01,-5288064.36,177397.11,,978288.59,,-6088955.84,207838.31,,-6296794.15,-6296794.15,,-7995977.03,,1699182.88,-1260000.0,-1260000.0,-1260000.0,,,-1260000.0,,,,,,,,,,,,,,-7556794.15,-9255977.03,1699182.88,-0.0231,-0.0231,定期报告,未审计,20250827,CNY,合并期末,2025-08-26T16:44:05
20250331,202344528.38,202344528.38,,,,,,208161343.46,188551954.36,,,,,,,,,738876.06,1692142.11,4501052.72,9828672.65,2848645.56,2916145.72,,,,,,,,,,,234972.39,-393835.82,-2123513.53,,-132875.97,-8232068.01,117753.88,,894479.71,,-9008793.84,,,-9008793.84,-9008793.84,,-9019990.07,,11196.23,-1590000.0,-1590000.0,-1590000.0,,,-1590000.0,,,,,,,,,,,,,,-10598793.84,-10609990.07,11196.23,-0.026,-0.026,定期报告,未审计,20260430,CNY,合并期末,2025-04-27T16:02:51
20241231,1120913208.28,1120913208.28,,,,,,1156564462.01,1063389536.71,,,,,,,,,3640934.78,7030082.71,17551801.24,55318057.81,9634048.76,10284231.02,,11929770.93,,,,,944633.02,,,,1574610.77,-3582984.49,-7332967.75,,1161815.48,-30956375.77,846732.82,,1452500.46,,-31562143.41,-17822.97,,-31544320.44,-31544320.44,,-65250016.96,,33705696.52,810000.0,810000.0,810000.0,,,810000.0,,,,,,,,,,,,,,-30734320.44,-64440016.96,33705696.52,-0.1882,-0.1882,定期报告,是,20260421,CNY,合并期末,2025-04-02T18:12:04
20240930,784720264.1,784720264.1,,,,,,808305012.83,744423545.71,,,,,,,,,3132769.9,5335637.78,12433246.38,35746016.78,7233796.28,7337499.32,,6425049.79,,,,,753556.48,,,,1268159.03,-1218526.02,-1369967.48,,1074085.2,-16652391.73,1056276.37,,1386026.37,,-16982141.73,71564.01,,-17053705.74,-17053705.74,,-22240880.35,,5187174.61,3840000.0,3840000.0,3840000.0,,,3840000.0,,,,,,,,,,,,,,-13213705.74,-18400880.35,5187174.61,-0.0642,-0.0642,定期报告,未审计,20251028,CNY,合并期末,2024-10-29T16:47:03
20240630,438451452.93,438451452.93,,,,,,452699560.15,411085508.9,,,,,,,,,1846047.14,3806290.76,7984560.54,23538957.09,4438195.72,4448022.57,,6356049.79,,,,,-470547.47,,,,899145.49,408226.7,-1389833.99,,476010.64,-7969056.06,535331.35,,908829.15,,-8342553.86,71564.01,,-8414117.87,-8414117.87,,-11221651.12,,2807533.25,-990000.0,-990000.0,-990000.0,,-990000.0,-990000.0,,,,,,,,,,,,,,-9404117.87,-12211651.12,2807533.25,-0.0324,-0.0324,定期报告,未审计,20250827,CNY,合并期末,2024-08-27T16:17:04
20240331,148276697.65,148276697.65,,,,,,156630126.25,136196768.63,,,,,,,,,857922.81,1873830.71,3988194.32,11493009.31,2220400.47,2265472.24,,-92785.0,,,,,716647.56,,,,532799.75,-57634.02,-1068874.7,,427227.85,-7896047.16,452855.48,,498925.42,,-7942117.1,,,-7942117.1,-7942117.1,,-8568550.52,,626433.42,360000.0,360000.0,360000.0,,,360000.0,,,,,,,,,,,,,,-7582117.1,-8208550.52,626433.42,-0.0247,-0.0247,定期报告,未审计,20250428,CNY,合并期末,2024-04-24T16:02:03
20231231,1241169009.64,1241169009.64,,,,,,1315630624.14,1190941592.01,,,,,,,,,4140953.25,8671020.79,18966189.19,75378763.24,17532105.66,18568593.43,,123432.5,,,,,-1256308.77,,,,1728785.18,-29166565.7,-3251166.84,,-6235880.05,-112519318.18,854097.3,,12676015.95,,-124341236.83,208237.46,,-124549474.29,-124549474.29,,-139850017.26,,15300542.97,7472824.65,7472824.65,7472824.65,,,7472824.65,,,,,,,,,,,,,,-117076649.64,-132377192.61,15300542.97,-0.4662,-0.4662,定期报告,是,20250403,CNY,合并期末,2024-04-08T19:52:05
20230930,932817989.19,932817989.19,,,,,,981635034.68,900147849.47,,,,,,,,,3173128.7,4857876.18,14266772.94,43512198.92,15677208.47,16493305.05,,44400.0,,,,,996002.63,,,,1360058.44,-26582148.61,-785936.34,,-3650416.51,-77435085.88,103426.91,,3405936.85,,-80737595.82,2298656.15,,-83036251.97,-83036251.97,,-52960361.83,,-30075890.14,3774000.0,3774000.0,3774000.0,,,3774000.0,,,,,,,,,,,,,,-79262251.97,-49186361.83,-30075890.14,-0.1862,-0.1862,定期报告,未审计,20241030,CNY,合并期末,2023-10-25T15:52:02
20230630,610031120.14,610031120.14,,,,,,654336597.41,599649384.81,,,,,,,,,2123681.87,3173217.23,9348581.53,28528811.23,11512920.74,12016406.27,,,,,,,1455032.16,,,,1040845.07,-24116698.27,-77164.06,,-4433439.9,-70436902.27,18316.39,,1747363.22,,-72165949.1,1656365.26,,-73822314.36,-73822314.36,,-49185866.56,,-24636447.8,592000.0,592000.0,592000.0,,592000.0,592000.0,,,,,,,,,,,,,,-73230314.36,-48593866.56,-24636447.8,-0.1845,-0.1845,定期报告,未审计,20240828,CNY,合并期末,2023-08-22T15:52:03
20230331,288683523.27,288683523.27,,,,,,317200230.18,290411363.38,,,,,,,,,1066267.67,843804.31,4657768.64,14566684.1,5654342.08,4885933.83,,,,,,,137315.92,,,,647079.6,-11520873.69,590756.02,,-2919522.93,-41581951.99,16824.18,,1432283.64,,-42997411.45,61436.14,,-43058847.59,-43058847.59,,-29169011.8,,-13889835.79,2183000.0,2183000.0,2183000.0,,,2183000.0,,,,,,,,,,,,,,-40875847.59,-26986011.8,-13889835.79,-0.1094,-0.1094,定期报告,未审计,20240425,CNY,合并期末,2023-04-28T16:17:05
20221231,1161091171.96,1161091171.96,,,,,,1276592053.95,1144223502.21,,,,,,,,,4050739.68,6725164.06,26032938.8,75547291.14,20012418.06,19392697.05,,-1119679.16,-1183401.59,,,,-1497247.71,,,,4177047.59,-34146156.99,402172.07,,5495880.2,-142188865.99,1268043.63,,14325379.74,,-155246202.1,455966.3,,-155702168.4,-155702168.4,,-115985213.04,,-39716955.36,-5402000.0,-5402000.0,-5402000.0,,,-5402000.0,,,,,,,,,,,,,,-161104168.4,-121387213.04,-39716955.36,-0.435,-0.435,定期报告,是,20240409,CNY,合并期末,2023-04-28T16:17:05
20220930,837303591.2,837303591.2,,,,,,937790976.91,841829093.31,,,,,,,,,3095373.55,5803220.34,18299416.23,53005480.09,15758393.39,15289371.44,,-1648820.72,-918291.39,,,,,,,,3188543.07,-5125862.93,950781.55,,2820863.38,-100301881.36,738676.08,,6586715.03,,-106149920.31,1790059.72,,-107939980.03,-107939980.03,,-81111777.69,,-26828202.34,-4773000.0,-4773000.0,-4773000.0,,,-4773000.0,,,,,,,,,,,,,,-112712980.03,-85884777.69,-26828202.34,-0.3042,-0.3042,定期报告,未审计,20231026,CNY,合并期末,2023-10-25T15:52:02
20220630,497499205.48,497499205.48,,,,,,593757142.36,527086433.89,,,,,,,,,2176926.0,4151302.89,12781963.45,37635845.45,9924670.68,9555811.35,,-978998.96,-446078.96,,,,,,,,2750405.35,-3373787.77,1170945.72,,1394143.54,-95295229.0,242496.54,,1868128.77,,-96920861.23,133074.13,,-97053935.36,-97053935.36,,-72882455.77,,-24171479.59,-4181000.0,-4181000.0,-4181000.0,,,-4181000.0,,,,,,,,,,,,,,-101234935.36,-77063455.77,-24171479.59,-0.2733,-0.2733,定期报告,未审计,20230823,CNY,合并期末,2022-08-29T16:07:16
20220331,219650105.32,219650105.32,,,,,,279062971.42,244252024.97,,,,,,,,,1251447.6,216959.22,7828782.48,19751963.15,5761794.0,5515232.43,,-488587.8,-487927.8,,,,-306000.0,,,,692658.99,-2950034.87,553160.57,,1284488.89,-60627180.32,39000.94,,1131882.63,,-61720062.01,75243.84,,-61795305.85,-61795305.85,,-44728671.59,,-17066634.26,-2442000.0,-2442000.0,-2442000.0,,,-2442000.0,,,,,,,,,,,,,,-64237305.85,-47170671.59,-17066634.26,-0.1678,-0.1678,定期报告,未审计,20230429,CNY,合并期末,2022-04-29T18:22:08
20211231,1431564907.07,1431564907.07,,,,,,1534372632.04,1393852386.35,,,,,,,,,5457917.81,3133212.52,32300350.68,78759387.67,20869377.01,19134576.24,,4986936.94,-398420.02,,,,817355.84,,,,2802814.71,-200283828.75,1382233.89,,-22288912.73,-315391125.07,1045962.5,,15395005.95,,-329740168.52,2874420.92,,-332614589.44,-332614589.44,,-224289996.42,,-108324593.02,-9361000.0,-9361000.0,-9361000.0,,,-9361000.0,,,,,,,,,,,,,,-341975589.44,-233650996.42,-108324593.02,-0.8412,-0.8412,定期报告,是,20230429,CNY,合并期末,2022-04-07T16:47:04
20210930,1039026121.61,1039026121.61,,,,,,1140122482.01,1036939455.55,,,,,,,,,4020029.62,2174573.67,25636721.82,57352386.68,13999314.67,13644876.7,,5992193.14,-65993.99,,,,-53223.49,,,,2396864.9,-199539797.74,1646114.24,,-16132889.77,-306787099.12,363631.75,,14717528.74,,-321140996.11,1747224.56,,-322888220.67,-322888220.67,,-220858043.95,,-102030176.72,-8103000.0,-8103000.0,-8103000.0,,,-8103000.0,,,,,,,,,,,,,,-330991220.67,-228961043.95,-102030176.72,-0.8283,-0.8283,定期报告,未审计,20221028,CNY,合并期末,2021-10-25T17:02:04
20210630,720485534.25,720485534.25,,,,,,756712180.93,690266291.27,,,,,,,,,2599828.02,1505141.92,17333582.57,38404499.78,6602837.37,6526903.03,,5953017.87,-120879.05,,,,804327.69,,,,1743356.5,-99754077.47,1381643.7,,1391067.93,-124707310.46,342460.45,,11206536.06,,-135571386.07,1539988.19,,-137111374.26,-137111374.26,,-94379778.84,,-42731595.42,-3737000.0,-3737000.0,-3737000.0,,,-3737000.0,,,,,,,,,,,,,,-140848374.26,-98116778.84,-42731595.42,-0.354,-0.354,定期报告,未审计,20220830,CNY,合并期末,2022-08-29T16:07:16
20210331,357196630.35,357196630.35,,,,,,356297875.25,323070413.99,,,,,,,,,1309080.4,654522.77,9331800.23,19206592.16,2725465.7,2602511.29,,4037049.48,-11856.48,,,,42544.32,,,,814045.46,,427252.63,,-5935579.77,284067.22,131260.67,,8402961.69,,-7987633.8,249475.6,,-8237109.4,-8237109.4,,-5381321.68,,-2855787.72,-6179000.0,-6179000.0,-6179000.0,,,-6179000.0,,,,,,,,,,,,,,-14416109.4,-11560321.69,-2855787.71,-0.0202,-0.0202,定期报告,未审计,20220430,CNY,合并期末,2022-04-29T18:22:08
20201231,1068295560.24,1068295560.24,,,,,,1052441984.57,941647797.99,,,,,,,,,4986847.32,5686205.28,29456460.75,69184612.0,1480061.23,1023251.25,,4499320.06,-23497.71,,,,-817355.84,,,,2522412.39,-2446544.61,437676.92,,41873144.58,61922229.17,497314.28,,20119970.88,,42299572.57,9207273.05,,33092299.52,33092299.52,,33539213.35,,-446913.83,6290000.0,6290000.0,6290000.0,,,6290000.0,,,,,,,,,,,,,,39382299.52,39829213.35,-446913.83,0.1258,0.1258,定期报告,是,20220408,CNY,合并期末,2021-04-01T16:07:03
20200930,700105553.4,700105553.4,,,,,,690996168.13,615696003.32,,,,,,,,,3566554.77,4076602.63,20851776.85,45904584.34,900646.22,773410.43,,783333.59,-306142.51,,,,109762.71,,,,2530188.98,54274.58,1447604.73,,295582.65,14330132.51,314696.67,,9812690.75,,4832138.43,1540810.82,,3291327.61,3291327.61,,439077.73,,2852249.88,-999000.0,-999000.0,-999000.0,,,-999000.0,,,,,,,,,,,,,,2292327.61,-559922.27,2852249.88,0.0016,0.0016,定期报告,未审计,20211026,CNY,合并期末,2020-10-27T16:12:03
20200630,408952555.7,408952555.7,,,,,,401496119.44,354552130.98,,,,,,,,,2321503.72,2440393.55,13083055.82,28654820.82,444214.55,435243.75,,328131.41,-301822.01,,,,-585442.0,,,,1949346.58,,934398.63,,-170939.02,9911931.86,70256.8,,5769427.72,,4212760.94,1312482.48,,2900278.46,2900278.46,,1504722.91,,1395555.55,-5883000.0,-5883000.0,-5883000.0,,,-5883000.0,,,,,,,,,,,,,,-2982721.54,-4378277.09,1395555.55,0.0056,0.0056,定期报告,未审计,20210827,CNY,合并期末,2020-08-19T17:07:03
20200331,169565284.25,169565284.25,,,,,,170027565.17,148427015.72,,,,,,,,,1086569.97,770691.07,6440262.03,13058495.82,244530.56,254395.1,,100858.71,-218363.91,,,,-561042.0,,,,1646045.18,,550391.35,,-93268.25,1180704.07,18436.8,,3056484.66,,-1857343.79,721198.33,,-2578542.12,-2578542.12,,-2640860.65,,62318.53,-5513000.0,-5513000.0,-5513000.0,,,-5513000.0,,,,,,,,,,,,,,-8091542.12,-8153860.65,62318.53,-0.0099,-0.0099,定期报告,未审计,20210428,CNY,合并期末,2020-04-29T01:02:03
20191231,1123012450.63,1123012450.63,,,,,,1097889588.45,984643955.6,,,,,,,,,4020207.1,5593661.04,35081352.55,65972938.26,2577473.9,1993114.94,,4905812.74,4315810.81,,,,,,,,3471409.11,-3814497.18,655929.97,,2102662.19,32444179.01,4772359.82,,19964341.06,,17252197.77,1911942.96,,15340254.81,15340254.81,,9366630.01,,5973624.8,11427850.0,11729095.0,12432000.0,,,12432000.0,,-702905.0,,,,,,,-702905.0,,,,-301245.0,26768104.81,21095725.01,5672379.8,0.0351,0.0351,定期报告,是,20210402,CNY,合并期末,2020-04-02T17:02:02
20190930,948509824.61,948509824.61,,,,,,935040619.6,853003416.99,,,,,,,,,3816251.89,4383761.43,26953392.86,44990197.74,1893598.69,1709593.07,,3496006.4,3744542.27,,,,,,,,2210875.71,-1058709.83,1202022.33,,180377.51,19499777.13,1398153.54,,13987310.64,,6910620.03,1645699.31,,5264920.72,5264920.72,,3279984.89,,1984935.83,4841850.0,5143095.0,5846000.0,,,5846000.0,,-702905.0,,,,,,,-702905.0,,,,-301245.0,10106770.72,8423079.89,1683690.83,0.0123,0.0123,定期报告,未审计,20201028,CNY,合并期末,2020-03-13T16:00:40
20190630,628394153.69,628394153.69,,,,,,620917735.61,563453457.18,,,,,,,,,2663536.29,3128694.89,18947229.98,31330162.13,1394655.14,1241884.39,,2031043.98,2285283.82,,,,,,,,1574043.17,-614437.27,765711.35,,-34488.83,11198290.48,263238.28,,5217950.09,,6243578.67,1181719.59,,5061859.08,5061859.08,,4526955.61,,534903.47,5655850.0,5957095.0,6660000.0,,,6660000.0,,-702905.0,,,,,,,-702905.0,,,,-301245.0,10717709.08,10484050.61,233658.47,0.017,0.017,定期报告,未审计,20200820,CNY,合并期末,2020-03-13T16:00:40
20190331,284695018.19,284695018.19,,,,,,291453759.7,264669224.96,,,,,,,,,1389594.49,1800239.69,9328495.44,13808224.02,457981.1,505649.32,,247338.62,501578.46,,,,,,,,1078030.81,262236.0,302972.19,,27267.8,-4840896.09,67732.02,,33395.75,,-4806559.82,330396.98,,-5136956.8,-5136956.8,,-5143849.03,,6892.23,7764850.0,8066095.0,8769000.0,,,8769000.0,,-702905.0,,8769000.0,,,,,-702905.0,,,,-301245.0,2627893.2,2922245.97,-294352.77,-0.0193,-0.0193,定期报告,未审计,20200429,CNY,合并期末,2020-03-13T16:00:40
20181231,1341877249.77,1341877249.77,,,,,,1339657943.76,1229880286.57,,,,,,,,,5154560.84,8187710.97,41402681.16,52469371.94,2563332.28,2629588.57,,-1352614.3,-1769705.52,,,,-36000.0,,,,2602425.92,-1788308.32,,,59140576.19,60785385.5,10249210.61,,1460454.82,,69574141.29,16796626.71,,52777514.58,52777514.58,,55763801.54,,-2986286.96,-4841850.0,-5143095.0,,,,,,-5143095.0,,-5846000.0,,,,,702905.0,702905.0,,,301245.0,47935664.58,50620706.54,-2685041.96,0.2091,0.2091,定期报告,是,20200403,CNY,合并期末,2020-03-13T16:00:40
20180930,1046462335.1,1046462335.1,,,,,,1051264550.81,967010498.72,,,,,,,,,4612371.88,6621712.76,31653093.72,38833108.33,2533765.4,2546717.91,,-400614.65,-1591255.69,,,,,,,,2403093.26,-602715.35,,,59097624.72,55695172.27,10202125.06,,1244391.65,,64652905.68,18059852.23,,46593053.45,46593053.45,,49255123.03,,-2662069.58,-5069000.0,-5069000.0,,,,,,-5069000.0,,-5069000.0,,,,,,,,,,41524053.45,44186123.03,-2662069.58,0.1847,0.1847,定期报告,未审计,20191025,CNY,合并期末,2020-03-13T16:00:40
20180630,564319108.94,564319108.94,,,,,,581440109.06,526069117.74,,,,,,,,,3110088.62,4399932.87,21213328.78,24357424.08,2290216.97,1359439.59,,-495111.26,-1027768.94,,,,104000.0,,,,1974478.84,-931184.15,,,59291313.17,42822496.48,70732.35,,829913.6,,42063315.23,13910527.8,,28152787.43,28152787.43,,31487238.72,,-3334451.29,-740000.0,-740000.0,,,,,,-740000.0,,-740000.0,,,,,,,,,0.0,27412787.43,30747238.72,-3334451.29,0.1181,0.1181,定期报告,未审计,20190823,CNY,合并期末,2020-03-13T16:00:40
20180331,282782540.77,282782540.77,,,,,,288550758.33,260701349.44,,,,,,,,,1635532.83,1960153.69,11469456.15,12077532.3,964430.69,934835.71,,-185954.45,-358151.21,,,,,,,,911064.42,,,,59643244.97,54600137.38,3000.0,,297995.69,,54305141.69,13890777.64,,40414364.05,40414364.05,,41282933.86,,-868569.81,-2553000.0,-2553000.0,,,,,,-2553000.0,,-2553000.0,,,,,,,,,,37861364.05,38729933.86,-868569.81,0.1548,0.1548,定期报告,未审计,20190426,CNY,合并期末,2020-03-13T16:00:40
20171231,1348404085.32,1348404085.32,,,,,,1342224956.78,1206042010.54,,,,,,,,,5510542.89,8599034.73,51487030.64,63566369.45,3333834.47,2436302.1,,1264177.66,64681.48,,,,5500.0,,,,2564487.68,,,,8786681.81,18799975.69,279638.45,,668058.46,,18411555.68,3586188.36,,14825367.32,14825367.32,,16113256.79,,-1287889.47,-2627000.0,-2627000.0,,,,,,-2627000.0,,-2627000.0,,,,,,,,,,12198367.32,13486256.79,-1287889.47,0.0604,0.0604,定期报告,是,20190404,CNY,合并期末,2020-03-13T16:00:40
20170930,970668677.74,970668677.74,,,,,,960541600.96,866315919.91,,,,,,,,,4251880.07,4913657.35,38096796.73,44679134.99,2845907.14,1957983.35,,486512.43,10812.04,,,,212400.0,,,,2043003.26,,,,10970752.5,23839744.97,223064.42,11000209.38,472491.44,29456.88,23590317.95,7443875.25,,16146442.7,16146442.7,,17253040.29,,-1106597.59,3663000.0,3663000.0,,,,,,3663000.0,,3663000.0,,,,,,,,,,19809442.7,20916040.29,-1106597.59,0.0647,0.0647,定期报告,未审计,20181026,CNY,合并期末,2020-03-13T16:00:40
20170630,585043186.42,585043186.42,,,,,,589677491.63,525425697.28,,,,,,,,,3807212.17,,25109637.86,33692582.09,1887301.19,,,279190.23,193912.24,,,,-63000.0,,,,1495388.84,,,,434070.57,-2488655.57,95486.54,460965.91,230747.87,26895.34,-2623916.9,947254.07,,-3571170.97,-3571170.97,,-2788379.03,,-782791.94,8621000.0,8621000.0,,,,,,8621000.0,,8621000.0,,,,,,,,,0.0,5049829.03,5832620.97,-782791.94,-0.0105,-0.0105,定期报告,未审计,20180824,CNY,合并期末,2020-03-13T16:00:40
20170331,250206468.38,250206468.38,,,,,,257176066.35,225089655.51,,,,,,,,,1865252.26,,12550196.74,16924372.69,934835.71,,,265416.31,152524.48,,,,,,,,957774.42,,,,215850.57,-5530556.67,17551.17,224443.38,60000.0,8592.81,-5573005.5,164816.13,,-5737821.63,-5737821.63,,-5434717.19,,-303104.44,1887000.0,1887000.0,,,,,,1887000.0,,1887000.0,,,,,,,,,,-3850821.63,-3547717.19,-303104.44,-0.0204,-0.0204,定期报告,未审计,20180426,CNY,合并期末,2020-03-13T16:00:40
20161231,1229990208.36,1229990208.36,,,,,,1234154372.8,1109593262.95,,,,,,,,,3626655.8,,54688694.95,64136248.37,2830160.87,,,2211209.83,848509.34,,,,-404100.0,,,,,,,,892244.23,-1464810.38,5443592.53,1032717.16,576524.7,140472.93,3402257.45,2130999.92,,1271257.53,1271257.53,,2024489.66,,-753232.13,-7400000.0,-7400000.0,,,,,,-7400000.0,,-7400000.0,,,,,,,,,,-6128742.47,-5375510.34,-753232.13,0.0076,0.0076,定期报告,是,20180404,CNY,合并期末,2020-03-13T16:00:40
20160930,931394945.1,931394945.1,,,,,,939391734.56,845030528.94,,,,,,,,,270346.74,,41056669.36,51285933.37,2282705.71,,,1856530.38,573563.21,,,,-649320.0,,,,,,,,,-6789579.08,4937507.34,834304.24,581233.61,68536.15,-2433305.35,2529063.62,,-4962368.97,,,-4276359.4,,-686009.57,-8362000.0,-8362000.0,,,,,,-8362000.0,,-8362000.0,,,,,,,,,,-13324368.97,-12638359.4,-686009.57,-0.016,-0.016,定期报告,未审计,20171026,CNY,合并期末,2020-03-13T16:00:40
20160630,569948154.76,569948154.76,,,,,,576959421.76,512412096.84,,,,,,,,,197639.98,,26548996.38,36407684.88,1795305.51,,,1263066.45,436694.28,,,,-349836.0,,,,,,,,,-6098036.55,3370728.64,657685.8,159548.37,30719.87,-2886856.28,2007739.84,,-4894596.12,,,-4398139.17,,-496456.95,-7178000.0,-7178000.0,,,,,,-7178000.0,,-7178000.0,,,,,,,,,0.0,-12072596.12,-11576139.17,-496456.95,-0.0165,-0.0165,定期报告,未审计,20170824,CNY,合并期末,2020-03-13T16:00:40
20160331,231893534.73,231893534.73,,,,,,242427038.07,211390988.48,,,,,,,,,82915.93,,12861011.63,17188848.47,961473.56,,,1184828.69,153749.84,,,,-571300.0,,,,,,,,,-9919974.65,2105080.49,176994.88,99081.55,5778.96,-7913975.71,206717.91,,-8120693.62,,,-7925257.6,,-195436.02,-6216000.0,-6216000.0,,,,,,-6216000.0,,-6216000.0,,,,,,,,,,-14336693.62,-14141257.6,-195436.02,-0.0297,-0.0297,定期报告,未审计,20170426,CNY,合并期末,2020-03-13T16:00:40
20151231,1316880091.88,1316880091.88,,,,,,1327972073.84,1191021923.08,,,,,,,,,945702.51,,52302340.76,68077859.76,4933667.44,,,10837167.98,-100219.88,,,,2841600.0,,,,,,,,,2586786.02,6010737.78,776640.42,1609884.12,248675.03,6987639.68,2434391.24,,4553248.44,,,4883278.4,,-330029.96,-35427203.32,-35427203.32,,,,,,-35427203.32,,-35427203.32,,,,,,,,,,-30873954.88,-30543924.92,-330029.96,0.0183,0.0183,定期报告,是,20170414,CNY,合并期末,2020-03-13T16:00:40
20150930,1070706734.14,1070706734.14,,,,,,1079936966.43,979264573.93,,,,,,,,,769353.76,,39849775.18,55144541.93,3899861.06,,,12606659.48,,,,,1843000.0,,,,,,,,,5219427.19,5037527.49,623098.79,661610.66,153273.06,9595344.02,1434988.01,,8160356.01,,,8498737.97,,-338381.96,-45231800.0,-45231800.0,,,,,,-45231800.0,,-45231800.0,,,,,,,,,,-37071443.99,-36733062.03,-338381.96,0.0319,0.0319,定期报告,未审计,20161026,CNY,合并期末,2020-03-13T16:00:40
20150630,668238973.15,668238973.15,,,,,,682764523.09,618725835.58,,,,,,,,,700371.13,,25325415.07,33965647.45,2932147.29,,,14247932.99,,,,,2148065.0,,,,,,,,,1870448.05,2534241.26,357398.39,327703.39,219352.0,4076985.92,544684.72,,3532301.2,,,3819775.02,,-287473.82,-22684000.0,-22684000.0,0.0,,,,,-22684000.0,,-22684000.0,,,,,,,,,0.0,-19151698.8,-18864224.98,-287473.82,0.0143,0.0143,定期报告,未审计,20160826,CNY,合并期末,2020-03-13T16:00:40
20150331,292532699.44,292532699.44,,,,,,308889483.43,278650130.96,,,,,,,,,652875.77,,12848068.78,15350576.58,1498141.04,,,13945182.78,,,,,2524545.0,,,,,,,,,112943.79,2444727.02,67068.83,50950.51,33803.79,2506720.3,403112.6,,2103607.7,,,2308466.36,,-204858.66,-880000.0,-880000.0,,,,,,-880000.0,,-880000.0,,,,,,,,,,1223607.7,1428466.36,-204858.66,0.0087,0.0087,定期报告,未审计,20160428,CNY,合并期末,2020-03-13T16:00:40
20141231,1801316970.51,1801316970.51,,,,,,1800162665.72,1657210234.14,,,,,,,,,1251979.13,,54297698.7,74886488.68,7425598.19,,,24331767.54,-347259.26,,,,-2700596.0,,,,,,,,,22785476.33,14308869.91,2515670.14,1286090.72,614548.68,35808255.52,9235722.77,,26572532.75,,,26026759.27,,545773.48,25211100.0,25211100.0,,,,,,25211100.0,,25211100.0,,,,,,,,,0.0,51783632.75,51237859.27,545773.48,0.0976,0.0976,定期报告,是,20160408,CNY,合并期末,2020-03-13T16:00:40
20140930,1408862286.41,1408862286.41,,,,,,1407271796.07,1306380049.36,,,,,,,,,425843.62,,41140740.18,54123312.77,5567036.41,,,9944022.58,-1224186.53,,-552.7,,-1523964.01,,,,,,,,,10010548.91,8210180.75,363049.89,1199759.12,601874.48,17020970.54,4822802.1,,12198168.44,,,11879133.64,,319034.8,-9315400.0,-9315400.0,,,,,,-9315400.0,,-9315400.0,,,,,,,,,,2882768.44,2563733.64,319034.8,0.0446,0.0446,定期报告,未审计,20151023,CNY,合并期末,2020-03-13T16:00:40
20140630,851350472.83,851350472.83,,,,,,859381887.6,795736363.91,,,,,,,,,322206.47,,24579728.21,35548459.86,3366851.92,,,10507593.96,-347259.78,,,,-837759.27,,,,,,,,,1638419.92,7167679.71,271265.72,896762.15,454509.72,7909337.48,2588619.94,,5320717.54,,,5180233.73,,140483.81,-13625100.0,-13625100.0,0.0,,,,,-13625100.0,,-13625100.0,,,,,,,,,0.0,-8304382.46,-8444866.27,140483.81,0.0194,0.0194,定期报告,未审计,20150821,CNY,合并期末,2020-03-13T16:00:40
20140331,371511897.1,371511897.1,,,,,,378045488.62,347254492.94,,,,,,,,,254230.27,,12592499.45,16223283.51,1769357.07,,,8897582.46,-170500.1,,,,-246420.0,,,,,,,,,2117570.94,2952108.07,162592.92,646737.59,319757.59,4422941.42,692983.09,,3729958.33,,,3631663.81,,98294.52,-13807200.0,-13807200.0,,,,,,-13807200.0,,-13807200.0,,,,,,,,,,-10077241.67,-10175536.19,98294.52,0.0136,0.0136,定期报告,未审计,20150429,CNY,合并期末,2020-03-13T16:00:40
20131231,2024098384.46,2024098384.46,,,,,,2053716231.62,1880950992.14,,,,,,,,,1421249.29,,55854435.09,72262145.88,7968427.68,,,4318919.78,-1615492.44,,,,203596.0,,,,,,,,,-25095331.38,8208008.66,2257489.04,1199686.98,585990.19,-18087009.7,7059535.88,,-25146545.58,,,-26239811.17,,1093265.59,8353837.65,8353837.65,,,,,,8353837.65,,8353837.65,,,,,,,,,0.0,-16792707.93,-17885973.52,1093265.59,-0.0984,-0.0984,定期报告,是,20150324,CNY,合并期末,2020-03-13T16:00:40
20130930,1560409084.3,1560409084.3,,,,,,1556917124.09,1454658630.23,,,,,,,,,1246395.68,,40740296.82,52995911.02,7157794.65,,,5501788.16,-432211.91,,-47.5,,478452.17,,,,,,,,,9472153.04,5731215.76,,842671.32,439620.64,14360697.48,5115869.35,,9244828.13,,,8559832.95,,684995.18,8353837.65,,,,,,,,,,,,,,,,,,,17598665.78,16913670.6,684995.18,0.0321,0.0321,定期报告,未审计,20141024,CNY,合并期末,2020-03-13T16:00:40
20130630,917481740.56,917481740.56,,,,,,916516798.25,851109814.73,,,,,,,,,1136793.16,,24267239.37,35136287.33,4749291.68,,,5134010.54,-253234.82,,,,195986.0,,,,,,,,,6294938.85,4762797.62,,595503.89,244416.53,10462232.58,2730087.08,,7732145.5,,,7373845.82,,358299.68,5313837.65,,,,,,,,,,,,,,,,,,,13045983.15,12687683.47,358299.68,0.0277,0.0277,定期报告,未审计,20140822,CNY,合并期末,2020-03-13T16:00:40
20130331,447757312.55,447757312.55,,,,,,446746809.65,413843333.91,,,,,,,,,951671.76,,12373826.14,16602569.35,2975380.9,,,5231550.75,-155694.61,,,,0.0,,,,,,,,,6242053.65,1823318.07,,344931.18,,7720440.54,1512083.85,,6208356.69,,,6066043.38,,142313.31,18033837.65,,,,,,,,,,,,,,,,,,,24242194.34,24099881.03,142313.31,0.0228,0.0228,定期报告,未审计,20140429,CNY,合并期末,2020-03-13T16:00:40
20121231,1966032593.29,1966032593.29,,,,,,1963940876.86,1811589266.67,,,,,,,,,624145.97,,52601564.15,81345803.21,16371278.27,,,251427.87,-508014.64,,,,1816630.0,,,,,,,,,4159774.3,5764852.57,,1653275.33,909506.52,8271351.54,3603939.41,,4667412.13,,,3798215.14,,869196.99,2136068.88,,,,,,,,,,,,,,,,,,,6803481.01,5934284.02,869196.99,0.0142,0.0142,定期报告,是,20140422,CNY,合并期末,2020-03-13T16:00:40
20120930,1560219902.7,1560219902.7,,,,,,1557889353.72,1445922774.71,,,,,,,,,256708.13,,39665575.51,58510749.51,13275052.84,,,520202.29,,,,,1816630.0,,,,,,,,,4667381.27,3694679.67,,973683.99,,7388376.95,1919418.79,,5468958.16,,,5266523.21,,202434.95,1335043.05,,,,,,,,,,,,,,,,,,,6804001.21,6601566.26,202434.95,0.0198,0.0198,定期报告,未审计,20131029,CNY,合并期末,2020-03-13T16:00:40
20120630,958222153.92,958222153.92,,,,,,956482937.44,882189268.29,,,,,,,,,139577.93,,25853213.06,39225730.98,8994219.39,,,799085.05,-199355.05,,,,1816630.0,,,,,,,,,4354931.53,2231572.24,,522461.9,173757.1,6064041.87,1486834.41,,4577207.46,,,4574049.28,,3158.18,8099261.17,,,,,,,,,,,,,,,,,,,12676468.63,12673310.45,3158.18,0.0172,0.0172,定期报告,未审计,20130814,CNY,合并期末,2020-03-13T16:00:40
20120331,429624150.74,429624150.74,,,,,,428320464.76,391297612.01,,,,,,,,,67949.73,,12994342.22,18896274.54,5064286.26,,,226673.13,-123155.76,,,,1816630.0,,,,,,,,,3346989.11,1109322.29,,249986.58,,4206324.82,732425.49,,3473899.33,,,3421968.98,,51930.35,89002.87,,,,,,,,,,,,,,,,,,,3562902.2,3510971.85,51930.35,0.013,0.013,定期报告,未审计,20130427,CNY,合并期末,2020-03-13T16:00:40
20111231,1911926859.16,1911926859.16,,,,,,1905403905.71,1752970109.01,,,,,,,,,630647.59,,53958398.47,73999326.95,21270808.66,,,-1585512.6,128907.4,,,,-1715730.0,,,,,,,,,3221710.85,12510042.75,,3361358.78,1387345.48,12370394.82,5845873.85,,6524520.97,,,5025024.25,,1499496.72,33914196.79,,,,,,,,,,,,,,,,,,,40438717.76,38939221.04,1499496.72,0.02,0.02,定期报告,是,20130329,CNY,合并期末,2020-03-13T16:00:40
20110930,1435914841.06,1435914841.06,,,,,,1432781623.61,1326368732.81,,,,,,,,,473093.77,,37491161.9,54666601.72,15782315.98,,,-2565020.52,,,,,-1095000.0,,,,,,,,,-526803.07,9671945.45,,940591.6,,8204550.78,3151877.13,,5052673.65,,,4234572.42,,818101.23,54740868.37,,,,,,,,,,,,,,,,,,,59793542.02,58975440.79,818101.23,0.0159,0.0159,定期报告,未审计,20121029,CNY,合并期末,2020-03-13T16:00:40
20110630,741625894.52,741625894.52,,,,,,740708797.88,673946519.95,,,,,,,,,412581.02,,21957085.79,36019902.96,10372990.73,,,-684865.08,,,,,-1629080.0,,,,,,,,,-1396848.44,8563468.13,,556243.12,407532.5,6610376.57,2191524.65,,4418851.92,,,3823941.12,,594910.8,,,,,,,,,,,,,,,,,,,,4418851.92,3823941.12,594910.8,0.01,0.01,定期报告,未审计,20120830,CNY,合并期末,2020-03-13T16:00:40
20110331,303810547.94,303810547.94,,,,,,302973784.63,269658982.76,,,,,,,,,284836.49,,10182980.45,17000831.11,5846153.82,,,964081.07,,,,,-1103760.0,,,,,,,,,697084.38,3518521.84,,1061173.27,,3154432.95,1230151.91,,1924281.04,,,2244709.83,,-320428.79,,,,,,,,,,,,,,,,,,,,1924281.04,2244709.83,-320428.79,0.01,0.01,定期报告,未审计,20120426,CNY,合并期末,2020-03-13T16:00:40
20101231,1705623970.31,1705623970.31,,,,,,1694401711.42,1559680762.24,,,,,,,,,592551.13,,44492502.59,72997209.28,16753935.86,,,3363392.86,181827.94,,,,-100900.0,,,,,,,,,14484751.75,5631469.57,,2177308.73,1555007.4,17938912.59,7158040.26,,10780872.33,,,7019465.68,,3761406.65,0.0,,,,,,,,,,,,,,,,,,,10780872.33,7019465.68,3761406.65,0.03,0.03,定期报告,是,20120330,CNY,合并期末,2020-03-13T16:00:40
20100930,1231919575.64,1231919575.64,,,,,,1236248946.57,1132852630.95,,,,,,,,,494993.88,,33026964.95,56766875.11,12522560.3,,,1784676.07,,,,,403190.0,,,,,,,,,-2141504.86,5474691.62,,1501809.19,,1831377.57,3815802.29,,-1984424.72,,,-4418873.19,,2434448.47,,,,,,,,,,,,,,,,,,,,-1984424.72,-4418873.19,2434448.47,-0.02,-0.02,定期报告,未审计,20111026,CNY,合并期末,2020-03-13T16:00:40
20100630,708429729.3,708429729.3,,,,,,715834746.12,649455101.27,,,,,,,,,339155.64,,20005121.96,37023893.22,8426552.65,,,636868.25,,,,,,,,,,,,,,-6768148.57,4232185.5,,747281.38,591658.04,-3283244.45,2154760.67,,-5438005.12,,,-6571727.21,,1133722.09,,,,,,,,,,,,,,,,,,,,-5438005.12,-6571727.21,1133722.09,-0.02,-0.02,定期报告,未审计,20110826,CNY,合并期末,2020-03-13T16:00:40
20100331,311060905.73,311060905.73,,,,,,309081034.72,276983611.44,,,,,,,,,148465.86,,9373326.21,18092763.88,4482867.33,,,230978.56,,,,,,,,,,,,,,2210849.57,1472082.19,,353163.94,,3329767.82,1161856.11,,2167911.71,,,1713222.82,,454688.89,,,,,,,,,,,,,,,,,,,,2167911.71,1713222.82,454688.89,0.01,0.01,定期报告,未审计,20110429,CNY,合并期末,2020-03-13T16:00:40
20091231,1658833008.61,1658833008.61,,,,,,1635936757.2,1501581642.58,,,,,,,,,260875.15,,45053146.85,76707777.96,14975900.35,,,164958.87,15858.87,,,,,,,,,,,,,23061210.28,4024770.58,,2539960.72,1533353.77,24546020.14,9831990.77,,14714029.37,,,9283484.39,,5430544.98,,,,,,,,,,,,,,,,,,,,14714029.37,9283484.39,5430544.98,0.03,0.03,定期报告,是,20110419,CNY,合并期末,2020-03-13T16:00:40
20090930,1168556488.49,1168556488.49,,,,,,1147232546.91,1048186038.13,,,,,,,,,183282.26,,34923990.34,52674227.02,11528810.94,,,161975.67,,,,,,,,,,,,,,21485917.25,1108736.86,,1627091.47,,20967562.64,9775452.8,,11192109.84,,,6782231.92,,4409877.92,,,,,,,,,,,,,,,,,,,,11192109.84,6782231.92,4409877.92,0.03,0.03,定期报告,未审计,20101023,CNY,合并期末,2020-03-13T16:00:40
20090630,681225472.96,681225472.96,,,,,,665410736.14,596457832.14,,,,,,,,,98451.57,,24873748.08,35755649.51,8421333.05,,,106193.63,,,,,,,,,,,,,,15920930.45,655195.22,,931368.61,,15644757.06,7838873.75,,7805883.31,,,5182511.91,,2623371.4,,,,,,,,,,,,,,,,,,,,7805883.31,5182511.91,2623371.4,0.02,0.02,定期报告,未审计,20100817,CNY,合并期末,2020-03-13T16:00:40
20090331,285932432.38,285932432.38,,,,,,281124872.32,252480658.85,,,,,,,,,34661.6,,10209221.72,13886822.55,4513507.6,,,126150.74,,,,,,,,,,,,,,4933710.8,228381.66,,715439.3,,4446653.16,1261070.45,,3185582.71,,,2065171.85,,1120410.86,,,,,,,,,,,,,,,,,,,,3185582.71,3185582.71,,0.01,0.01,定期报告,未审计,20100429,CNY,合并期末,2020-03-13T16:00:40
20081231,1593173003.9,1593173003.9,,,,,,1564442368.35,1438472969.78,,,,,,,,,628915.24,,40416755.37,59006987.82,25371999.48,,,2347740.31,-78696.5,,,,,,,,,,,,,31078375.86,3638802.45,,4169786.31,1312355.84,30547392.0,11197058.94,,19350333.06,,,11352323.29,,7998009.77,,,,,,,,,,,,,,,,,,,,19350333.06,11352323.29,7998009.77,0.04,0.04,定期报告,是,20100417,CNY,合并期末,2020-03-13T16:00:40
20080930,1279142747.18,1279142747.18,,,,,,1255313116.12,1161368593.43,,,,,,,,,411198.66,,29942935.05,43390600.12,20434755.72,,,2382450.56,430965.75,,,,,,,,,,,,,26212081.62,1787394.76,,3439745.64,136838.79,24559730.74,4997810.48,,19561920.26,,,13229873.34,,6332046.92,,,,,,,,,,,,,,,,,,,,19561920.26,13229873.34,6332046.92,0.05,0.05,定期报告,未审计,20091024,CNY,合并期末,2020-03-13T16:00:40
20080630,776680620.55,776680620.55,,,,,,761193588.19,700210275.43,,,,,,,,,273149.29,,19525147.08,28364883.28,13053178.72,,,1972220.05,20735.24,,,,,,,,,,,,,17459252.41,1539698.31,,450345.81,,18548604.91,3637875.45,,14910729.46,,,10076883.46,,4833846.0,,,,,,,,,,,,,,,,,,,,,,,0.04,0.04,定期报告,未审计,20090825,CNY,合并期末,2020-03-13T16:00:40
20080331,340853997.9,340853997.9,,,,,,335360481.21,303975149.75,,,,,,,,,65640.03,,9799354.15,14831769.83,6688567.45,,,1870990.35,,,,,,,,,,,,,,7364507.04,532173.53,,107866.96,,7788813.61,1844761.35,,5944052.26,,,4069166.47,,1874885.79,,,,,,,,,,,,,,,,,,,,,,,0.02,0.02,定期报告,未审计,20090425,CNY,合并期末,2020-03-13T16:00:40
20071231,1390754676.95,1390754676.95,,,,,,1487909733.95,1280327819.41,,,,,,,,,880727.5,,52268339.03,63494460.36,25849039.19,,,1693491.99,-1506508.01,,,,,,,,,,,,,-95461565.01,5838729.85,,9467784.36,1360675.09,-99090619.52,10656681.64,,-109747301.16,,,-102504998.31,,-7242302.85,,,,,,,,,,,,,,,,,,,,,,,-0.38,-0.38,定期报告,是,20090326,CNY,合并期末,2021-03-07T19:02:05
20070930,994117543.02,994117543.02,,,,,,987608886.47,890439154.72,,,,,,,,,108246.25,,30267691.72,51503000.56,14852434.2,,,3291654.16,3291654.16,,,,,,,,,,,,,9800310.71,1315618.34,,1989531.41,1149759.85,9126397.64,8385586.95,,740810.69,,,2694432.74,,-1953622.05,,,,,,,,,,,,,,,,,,,,,,,0.01,0.01,定期报告,未审计,20081025,CNY,合并期末,2020-03-13T16:00:40
20070630,576129790.14,576129790.14,,,,,,572128202.99,509824771.27,,,,,,,,,93111.57,,17126786.2,34597613.08,10046760.27,,,3143438.1,3143438.1,,,,,,,,,,,,,7145025.25,730511.18,,1335955.1,843593.43,6539581.33,6374460.73,,165120.6,,,1829492.01,,-1664371.41,,,,,,,,,,,,,,,,,,,,,,,0.01,0.01,定期报告,未审计,20080826,CNY,合并期末,2020-03-13T16:00:40
20070331,238872556.2,238872556.2,,,,,,237093915.84,208906808.13,,,,,,,,,19179.87,,7586285.98,15129907.87,5451733.99,,,2548382.45,,,,,,,,,,,,,,4327022.81,689854.2,,1169898.08,,3846978.93,3138266.3,,708712.63,,,1379374.04,,-670661.41,,,,,,,,,,,,,,,,,,,,,,,0.01,0.01,定期报告,未审计,20080429,CNY,合并期末,2020-03-13T16:00:40
20061231,1649577725.62,1649577725.62,,,,,,1668483787.97,1493986346.52,,,,,,,,,1210432.77,,83225059.14,70074499.57,19004984.54,,,55368887.49,56763407.28,,,,,,,,,,,6536615.13,,36462825.14,7442335.79,,4133149.15,2172123.54,39772011.78,9188362.94,,30583648.84,,,30206086.8,,377562.04,,,,,,,,,,,,,,,,,,,,,,,0.11,0.11,定期报告,是,20080423,CNY,合并期末,2020-03-13T16:00:40
20060930,1217569689.59,1217569689.59,,,,,,1199326061.53,1087838493.28,,,,,,,,,134187.3,,54429381.67,47368336.92,8929875.2,,,-1156274.87,,,,,11190.0,,,1617456.8,,,,4801936.45,,17098543.19,1773040.8,,2594807.15,,16276776.84,11807754.0,,4469022.84,,,3785388.15,,683634.69,,,,,,,,,,,,,,,,,,,,,,,0.01,0.01,定期报告,未审计,20071023,CNY,合并期末,2020-03-13T16:00:40
20060630,792767443.5,792767443.5,,,,,,780907094.13,707527391.41,,,,,,,,,73166.16,,32776867.87,30620541.74,9283339.79,,,124075.71,124075.71,,,,11190.0,,,998956.8,,,,6147257.79,,11995615.08,1041538.6,,1015221.71,,12021931.97,8355348.89,,3666583.08,,,3255157.98,,411425.1,,,,,,,,,,,,,,,,,,,,,,,0.01,0.01,定期报告,未审计,20070818,CNY,合并期末,2020-03-13T16:00:40
20060331,376421846.52,376421846.52,,,,,,368550495.16,335566599.72,,,,,,,,,15379.23,,14466943.85,14888118.01,3613454.35,,,94938.77,,,,,,,,108996.8,,,,1438548.13,,7966290.13,138383.0,,514907.45,,7589765.68,4403333.63,,3186432.05,,,2450135.07,,736296.98,,,,,,,,,,,,,,,,,,,,,,,0.01,0.01,定期报告,未审计,20070423,CNY,合并期末,2020-03-13T16:00:40
20051231,1986628692.6,1978643128.21,,,,,,1955821350.64,1782976268.64,,,,,,,,,242541.75,,74602274.4,73943068.86,24057196.99,,,820504.63,,,,,,,,170000.0,,,,7985564.39,,31797846.59,701212.98,,2211629.88,,30287429.69,21415200.7,,8872228.99,,,5366199.27,,3506029.72,,,,,,,,,,,,,,,,,,,,,,,,,定期报告,是,20070414,CNY,合并期末,2020-03-13T16:00:40
20050930,1437893499.89,1432435550.58,,,,,,1397034422.6,1275814006.56,,,,,,,,,104830.88,,53226759.02,50021318.28,17867507.86,,,-10670970.59,,,,,,,,395879.0,,,,5457949.31,,30583985.7,45497954.23,,1259255.96,,74822683.97,29926323.5,,44896360.47,,,40230196.41,,4666164.06,,,,,,,,,,,,,,,,,,,,,,,,,定期报告,未审计,20061019,CNY,合并期末,2020-03-13T16:00:40
20050630,919428422.96,915951587.5,,,,,,891900290.33,817352965.57,,,,,,,,,67379.51,,34111971.44,29319203.21,11048770.6,,,-7051764.76,,,,,,,,100000.0,,,,3476835.46,,20576367.87,45469866.03,,705851.39,,65340382.51,24703489.52,,40636892.99,,,37653174.78,,2983718.21,,,,,,,,,,,,,,,,,,,,,,,,,定期报告,未审计,20060814,CNY,合并期末,2020-03-13T16:00:40
20050331,460818340.4,460304056.43,,,,,,444166594.78,410362983.68,,,,,,,,,21436.8,,16391245.93,12534487.97,4856440.4,,,-2228402.87,,,,,,,,,,,,514283.97,,14423342.75,125667.2,,68826.36,,14480183.59,5672157.96,,8808025.63,,,7177259.49,,1630766.14,,,,,,,,,,,,,,,,,,,,,,,,,定期报告,未审计,20060426,CNY,合并期末,2020-03-13T16:00:40
20041231,1848508424.26,1841664555.29,,,,,,1823679268.27,1655830772.02,,,,,,,,,230463.37,,72981117.66,78727962.64,15908952.58,,,-277497599.67,,,,,,,,62839.98,,,,6843868.97,,-252605603.7,889472.34,,12217362.18,,-263933493.54,21459672.66,,-285393166.2,,,-284148645.39,,-1244520.81,,,,,,,,,,,,,,,,,,,,,,,,,定期报告,是,20060405,CNY,合并期末,2020-03-13T16:00:40
20040930,1281175115.14,1277680737.73,,,,,,1257381466.34,1141536998.74,,,,,,,,,80801.51,,53492201.29,50875211.62,11396253.18,,,-308461.68,,,,,,,,21321.0,,,,3494377.41,,23506508.12,1047417.92,,1287362.6,,23266563.44,13348982.61,,9917580.83,,,9483166.34,,434414.49,,,,,,,,,,,,,,,,,,,,,,,,,定期报告,未审计,20051021,CNY,合并期末,2020-03-13T16:00:40
20040630,759309574.83,756185152.99,,,,,,746028134.43,673899459.24,,,,,,,,,56915.1,,33984280.37,29823627.77,8263851.95,,,-183191.47,,,,,,,,21321.0,,,,3124421.84,,13119569.93,1305486.38,,617316.5,,13807739.81,8192267.6,,5615472.21,,,5890489.73,,-275017.52,,,,,,,,,,,,,,,,,,,,,,,,,定期报告,未审计,20050815,CNY,合并期末,2020-03-13T16:00:40
20040331,383734967.79,383158428.09,,,,,,379732340.88,342548469.91,,,,,,,,,28845.73,,17047818.58,16215823.92,3891382.74,,,230744.4,,,,,,,,,,,,576539.7,,4233371.31,668118.6,,285699.0,,4615790.91,3971343.86,,644447.05,,,1404803.25,,-760356.2,,,,,,,,,,,,,,,,,,,,,,,,,定期报告,未审计,20050423,CNY,合并期末,2020-03-13T16:00:40
20031231,1367145238.27,1361640263.4,,,,,,1334899957.4,1196022774.52,,,,,,,,,247372.29,,77679690.58,53029716.98,7920403.03,,,831922.77,,,,,,,,96090.0,,,,5504974.87,,33173293.64,407043.89,,8601554.0,,24978783.53,16680511.27,,8298272.26,,,6516969.15,,1781303.11,,,,,,,,,,,,,,,,,,,,,,,,,定期报告,是,20050409,CNY,合并期末,2020-03-13T16:00:40
20030930,868756220.23,866287156.18,,,,,,850202456.51,740122068.56,,,,,,,,,228652.31,,66058498.2,37674827.38,6118410.06,,,406246.48,,,,,,,,416090.0,,,,2469064.05,,19376100.2,563711.21,,368767.79,,19571043.62,8265032.84,,11306010.78,,,8501980.02,,2804030.76,,,,,,,,,,,,,,,,,,,,,,,,,定期报告,未审计,20041023,CNY,合并期末,2020-03-13T16:00:40
20030630,543379986.86,541211811.54,,,,,,526888869.84,459644276.88,,,,,,,,,147207.72,,38722773.62,24385794.64,3988816.98,,,152266.3,,,,,,,,,,,,2168175.32,,16643383.32,486932.04,,194732.98,,16935582.38,5251508.59,,11684073.79,,,10109512.07,,1574561.72,,,,,,,,,,,,,,,,,,,,,,,,,定期报告,未审计,20040803,CNY,合并期末,2020-03-13T16:00:40
20030331,261902766.85,261774178.85,,,,,,258133053.24,221350466.13,,,,,,,,,74202.66,,21511362.27,13913541.61,1283480.57,,,-810020.79,,,,,,,,,,,,128588.0,,2959692.82,78053.27,,199272.77,,2838473.32,2493187.35,,345285.97,,,637276.81,,-291990.84,,,,,,,,,,,,,,,,,,,,,,,,,定期报告,未审计,20040423,CNY,合并期末,2020-03-13T16:00:40
20021231,1092463254.21,1090690690.94,,,,,,1059702074.33,918907958.54,,,,,,,,,260062.47,,87136392.18,41983865.08,11413796.06,,,2674917.83,,,,,,,,5905598.95,,,,1772563.27,,41341696.66,330486.4,,1604017.14,,40068165.92,10491738.42,,29576427.5,,,25291235.6,,4285191.9,,,,,,,,,,,,,,,,,,,,,,,,,定期报告,是,20040423,CNY,合并期末,2020-03-13T16:00:40
20020930,744116918.59,743516398.32,,,,,,720018673.08,612602510.41,,,,,,,,,157655.11,,67894811.29,28380239.01,10983457.26,,,-5643676.85,,,,,,,,5905598.95,,,,600520.27,,24360167.61,149364.04,,793459.86,,23716071.79,8147503.05,,15568568.74,,,11071291.84,,4497276.9,,,,,,,,,,,,,,,,,,,,,,,,,定期报告,未审计,20031030,CNY,合并期末,2020-03-13T16:00:40
20020630,447172322.1,446840660.6,,,,,,430224938.33,357906817.99,,,,,,,,,1684584.99,,45803434.8,17744949.81,7085150.74,,,6586769.32,,,,,,,,4338780.32,,,,331661.5,,27872933.41,68331.85,,365934.39,,27575330.87,5311600.65,,22263730.22,,,19186429.67,,3077300.55,,,,,,,,,,,,,,,,,,,,,,,,,定期报告,未审计,20030822,CNY,合并期末,2020-03-13T16:00:40
20020331,215103268.9,214978181.24,,,,,,206578951.11,166049989.25,,,,,,,,,187660.89,,23822937.64,10957899.79,5560463.54,,,-3515835.7,,,,,,,,4335339.32,,,,125087.66,,9343821.41,25000.38,,156642.7,,9212179.09,4433792.86,,4778386.23,,,2996502.13,,1781884.1,,,,,,,,,,,,,,,,,,,,,,,,,其他,未审计,20020426,CNY,合并期末,2020-03-13T16:00:40
20011231,1115772561.74,1115030193.72,,,,,,1054517738.44,887785046.84,,,,,,,,,615430.82,,105444328.92,54173075.15,6499856.71,,,15446271.42,,,,,,,,206338.95,,,,742368.02,,76907433.67,291135.07,,1819861.12,,75378707.62,9719067.51,,65659640.11,,,60382800.37,,5276839.74,,,,,,,,,,,,,,,,,,,,,,,,,其他,是,20020410,CNY,合并期末,2020-03-13T16:00:40
20010630,560245362.06,559895697.17,,,,,,541037457.55,444969182.16,,,,,,,,,100773.54,,61747393.18,29505412.31,4714696.36,,,19079580.22,,,,,,,,115609.78,,,,349664.89,,38403094.51,188487.5,,963370.22,,37628211.79,5492389.5,,32135822.29,,,31013597.71,,1122224.58,,,,,,,,,,,,,,,,,,,,,,,,,其他,是,20010802,CNY,合并期末,2020-03-13T16:00:40
20001231,1039273874.02,1038192937.91,,,,,,899764229.68,750826465.03,,,,,,,,,182284.07,,99156109.83,44215480.87,6755360.77,,,945787.18,,,,,,,,,,,,1080936.11,,104143085.22,532152.27,,3073957.61,,101601279.88,17662791.51,,83938488.37,,,80276981.9,,3661506.47,,,,,,,,,,,,,,,,,,,,,,,,,其他,是,20010119,CNY,合并期末,2020-03-13T16:00:40
20000630,410178073.02,409922592.15,,,,,,364468472.2,302029369.86,,,,,,,,,54314.63,,35002214.73,23827346.28,4300735.52,,,-1684406.46,,,,,,,,,,,,255480.87,,28144480.36,146670.0,,633731.7,,27657418.66,8768765.79,,18888652.87,,,17160470.25,,1728182.62,,,,,,,,,,,,,,,,,,,,,,,,,其他,未审计,20000803,CNY,合并期末,2020-03-13T16:00:40
19991231,679874466.07,679765873.03,,,,,,618738650.72,534110361.58,,,,,,,,,26533.52,,49857510.08,32212301.34,1251565.34,,,388634.06,,,,,,,,882184.15,,,,108593.04,,62406633.56,450227.63,,1281387.5,,61575473.69,8477131.13,,53098342.56,,,49957756.82,,3140585.74,,,,,,,,,,,,,,,,,,,,,,,,,其他,是,20000309,CNY,合并期末,2020-03-13T16:00:40
19990630,257990013.73,257696770.32,,,,,,235058537.22,196880325.11,,,,,,,,,142.19,,21005992.39,18813749.0,-1641671.47,,,529722.58,,,,,,,,882184.15,,,,293243.41,,24343383.24,21086.3,,969082.08,,23395387.46,3491700.8,,19903686.66,,,19272123.61,,631563.05,,,,,,,,,,,,,,,,,,,,,,,,,其他,是,19990803,CNY,合并期末,2020-03-13T16:00:40
19981231,693644715.82,693341827.43,,,,,,623107259.76,563581707.69,,,,,,,,,1793.55,,36578230.76,24730800.98,-1785273.22,,,1879682.92,,,,,,,,,,,,302888.39,,72417138.98,3529903.41,,2656489.4,,73290552.99,10484728.94,,62805824.05,,,61052737.67,,1753086.38,,,,,,,,,,,,,,,,,,,,,,,,,其他,是,19990413,CNY,合并期末,2020-03-13T16:00:40
19980630,313529415.06,313439496.82,,,,,,267925729.94,246742662.69,,,,,,,,,,,10152918.82,10947474.22,82674.21,,,440645.58,,,,,,,,,,,,89918.24,,46044330.7,1745891.3,,226206.22,,47564015.78,7143167.2,,40420848.58,,,39320658.26,,1100190.32,,,,,,,,,,,,,,,,,,,,,,,,,其他,是,19980820,CNY,合并期末,2020-03-13T16:00:40
19971231,624214347.01,624196596.54,,,,,,566692231.78,519082910.43,,,,,,,,,,,28290326.63,25910642.5,-6591647.78,,,4936368.48,,,,,,,,,,,,17750.47,,62458483.71,3589009.12,,1861481.04,,64186011.79,206191.0,,63979820.79,,,62115617.54,,1864203.25,,,,,,,,,,,,,,,,,,,,,,,,,其他,是,19980411,CNY,合并期末,2020-03-13T16:00:40
19970630,299364645.16,299349165.06,,,,,,,,,,,,,,,,,,,,,,,6677447.2,,,,,,,,,,,,15480.1,,29594911.73,,,,,29594911.73,,,29594911.73,,,29436584.29,,158327.44,,,,,,,,,,,,,,,,,,,,,,,,,其他,未审计,19970826,CNY,合并期末,2020-03-13T16:00:40
19961231,446451558.6,442629787.6,,,,,,404696473.76,368435894.85,,,,,,,,,,,15296512.12,18451705.65,2512361.14,,,3529415.34,,,,,,,,,,,,3821771.0,,45284500.18,35052.0,,1622015.92,,43697536.26,,,43697536.26,,,43697536.26,,,,,,,,,,,,,,,,,,,,,,,,,,,其他,是,19970428,CNY,合并期末,2020-03-13T16:00:40
19951231,430532601.0,430532601.0,,,,,,391108751.0,368431224.0,,,,,,,,,,,10299030.0,9968391.0,2410106.0,,,1839759.0,,,,,,,,,,,,,,41263610.0,182860.0,,1330465.0,,40116005.0,,,40116005.0,,,40116005.0,,,,,,,,,,,,,,,,,,,,,,,,,,,其他,是,19970314,CNY,合并期末,2020-03-13T16:00:40
19941231,351146907.0,351146907.0,,,,,,322116119.0,298354036.0,,,,,,,,,,,7931569.0,14671729.0,1158785.0,,,85572.0,,,,,,,,,,,,,,29116361.0,217691.0,,1324397.0,,28009655.0,,,28009655.0,,,28009655.0,,,,,,,,,,,,,,,,,,,,,,,,,,,其他,是,19970314,CNY,合并期末,2020-03-13T16:00:40
19931231,253802716.0,253802716.0,,,,,,226336702.0,205767335.0,,,,,,,,,,,7287734.0,11318853.0,1962780.0,,,183480.0,,,,,,,,,,,,,,27649494.0,113542.0,,1071975.0,,26691061.0,,,26691061.0,,,26691061.0,,,,,,,,,,,,,,,,,,,,,,,,,,,其他,未审计,19970314,CNY,合并期末,2020-03-13T16:00:40
