报告日,营业总收入,营业收入,利息收入,已赚保费,手续费及佣金收入,房地产销售收入,其他业务收入,营业总成本,营业成本,手续费及佣金支出,房地产销售成本,退保金,赔付支出净额,提取保险合同准备金净额,保单红利支出,分保费用,其他业务成本,营业税金及附加,研发费用,销售费用,管理费用,财务费用,利息费用,利息支出,投资收益,对联营企业和合营企业的投资收益,以摊余成本计量的金融资产终止确认产生的收益,汇兑收益,净敞口套期收益,公允价值变动收益,期货损益,托管收益,补贴收入,其他收益,资产减值损失,信用减值损失,其他业务利润,资产处置收益,营业利润,营业外收入,非流动资产处置利得,营业外支出,非流动资产处置损失,利润总额,所得税费用,未确认投资损失,净利润,持续经营净利润,终止经营净利润,归属于母公司所有者的净利润,被合并方在合并前实现净利润,少数股东损益,其他综合收益,归属于母公司所有者的其他综合收益,（一）以后不能重分类进损益的其他综合收益,重新计量设定受益计划变动额,权益法下不能转损益的其他综合收益,其他权益工具投资公允价值变动,企业自身信用风险公允价值变动,（二）以后将重分类进损益的其他综合收益,权益法下可转损益的其他综合收益,可供出售金融资产公允价值变动损益,其他债权投资公允价值变动,金融资产重分类计入其他综合收益的金额,其他债权投资信用减值准备,持有至到期投资重分类为可供出售金融资产损益,现金流量套期储备,现金流量套期损益的有效部分,外币财务报表折算差额,其他,归属于少数股东的其他综合收益,综合收益总额,归属于母公司所有者的综合收益总额,归属于少数股东的综合收益总额,基本每股收益,稀释每股收益,数据源,是否审计,公告日期,币种,类型,更新日期
20260331,798506764.73,798506764.73,,,,,,813847825.25,728605009.87,,,,,,,,,6061954.97,487590.0,25887553.9,32574019.15,20231697.36,24638859.03,,,,,,,-460583.23,,,,9738785.16,-9356623.21,-8553231.84,,,-23972713.64,148168.86,,2147.77,,-23826692.55,2177190.01,,-26003882.56,-26003882.56,,-25780532.78,,-223349.78,,,,,,,,,,,,,,,,,,,,-26003882.56,-25780532.78,-223349.78,-0.0644,-0.0644,定期报告,未审计,20260429,CNY,合并期末,2026-04-28T23:34:03
20251231,2466656840.3,2466656840.3,,,,,,2547634650.94,2226931407.35,,,,,,,,,17268885.02,9680944.78,41802926.9,175086601.13,76863885.76,83571440.78,,1167167.22,,,,,-368907.71,,,,25746064.79,-34414697.94,-25112479.37,,5175822.66,-108784840.99,485786.51,,10971761.64,,-119270816.12,6482516.14,,-125753332.26,-125753332.26,,-120292040.34,,-5461291.92,,,,,,,,,,,,,,,,,,,,-125753332.26,-120292040.34,-5461291.92,-0.3005,-0.3005,定期报告,是,20260429,CNY,合并期末,2026-04-28T23:38:04
20250930,1751563995.43,1751563995.43,,,,,,1755228062.61,1527518187.19,,,,,,,,,10272125.53,7446252.78,33622409.11,112844798.75,63524289.25,69359834.38,,-32832.78,-40046.01,,,,-318918.74,,,,17831143.98,-11842563.17,4278691.52,,40240.33,6291693.96,375846.44,,1850605.17,,4816935.23,7931263.12,,-3114327.89,-3114327.89,,134323.65,,-3248651.54,,,,,,,,,,,,,,,,,,,,-3114327.89,134323.65,-3248651.54,0.0003,0.0003,其他,未审计,20260429,CNY,合并期末,2025-10-29T16:02:11
20250630,1348005784.5,1348005784.5,,,,,,1344614656.7,1184968769.03,,,,,,,,,8226018.0,5008303.91,28368969.66,74208575.68,43834020.42,48133398.6,,-32832.78,-40046.01,,,,133318.52,,,,11180218.22,-4670976.56,3969892.5,,86318.5,14057066.2,187415.83,,2292687.9,,11951794.13,6441611.83,,5510182.3,5510182.3,,9123461.86,,-3613279.56,,,,,,,,,,,,,,,,,,,,5510182.3,9123461.86,-3613279.56,0.0228,0.0228,其他,未审计,20260429,CNY,合并期末,2025-08-27T19:02:06
20250331,759705370.51,759705370.51,,,,,,760235923.67,672387184.88,,,,,,,,,3598105.03,1922104.61,19029607.95,40083360.11,23215561.09,25138079.69,,-58336.85,-139801.25,,,,6643.31,,,,6014238.35,-636168.18,4964288.64,,85454.84,9845566.95,100235.36,,692540.53,,9253261.78,1989822.86,,7263438.92,7263438.92,,9396534.98,,-2133096.06,,,,,,,,,,,,,,,,,,,,7263438.92,9396534.98,-2133096.06,0.0235,0.0235,定期报告,未审计,20260429,CNY,合并期末,2025-04-25T21:00:10
20241231,3275282596.25,3275282596.25,,,,,,3289084200.36,2885670904.16,,,,,,,,,21559481.14,15125670.85,55954229.32,184539192.97,126234721.92,114071211.89,,662788.07,-512725.55,,,,1779482.4,,,,30916515.67,-18103587.63,-32436401.31,,37375420.61,6392613.7,6060420.94,,5787349.7,,6665684.94,5474316.1,,1191368.84,1191368.84,,8220593.77,,-7029224.93,,,,,,,,,,,,,,,,,,,,1191368.84,8220593.77,-7029224.93,0.0205,0.0205,定期报告,是,20260429,CNY,合并期末,2025-04-25T21:00:10
20240930,2148299829.99,2148299829.99,,,,,,2179443386.31,1896644215.53,,,,,,,,,12997745.24,10482397.46,37002058.53,119307766.0,103009203.55,93191165.59,,-720101.32,-1320101.32,,,,861030.64,,,,24059499.9,-2415775.01,-12907363.28,,,-22266265.39,1638925.97,,3465122.68,,-24092462.1,6718161.15,,-30810623.25,-30810623.25,,-27310434.88,,-3500188.37,,,,,,,,,,,,,,,,,,,,-30810623.25,-27310434.88,-3500188.37,-0.0682,-0.0682,更正或补充,未审计,20260429,CNY,合并期末,2024-10-24T17:42:04
20240630,1813345058.96,1813345058.96,,,,,,1802528330.53,1604372047.56,,,,,,,,,11474144.16,6859830.8,28866621.13,76095011.03,74860675.85,67340175.65,,-663562.87,-663562.87,,,,1191913.53,,,,11202358.7,1303321.38,-1632146.19,,,22218612.98,1545779.56,,2837088.92,,20927303.62,7347326.73,,13579976.89,13579976.89,,15055805.03,,-1475828.14,,,,,,,,,,,,,,,,,,,,13579976.89,15055805.03,-1475828.14,0.0376,0.0376,其他,未审计,20260429,CNY,合并期末,2024-08-28T16:37:25
20240331,950871799.26,950871799.26,,,,,,947946073.89,838758445.28,,,,,,,,,4271460.73,3051839.69,21648738.7,39668394.02,40547195.47,36839863.74,,-139801.25,-139801.25,,,,1145180.73,,,,7858052.98,-1541141.24,-900284.48,,,9347732.11,1310620.13,,26309.41,,10632042.83,6681599.41,,3950443.42,3950443.42,,4830937.43,,-880494.01,,,,,,,,,,,,,,,,,,,,3950443.42,4830937.43,-880494.01,0.0121,0.0121,其他,未审计,20260429,CNY,合并期末,2024-04-25T20:17:05
20231231,3341515523.57,3341515523.57,,,,,,3357937337.8,2912495832.77,,,,,,,,,25524428.92,12561339.68,50221473.63,185501716.92,171632545.88,165639381.1,,-492138.09,-1120439.98,,,,114208.75,,,,27793348.84,-38599486.56,11288266.19,,3879293.18,-12438321.92,12523662.85,,3297586.46,,-3212245.53,831540.12,,-4043785.65,-4043785.65,,7389912.02,,-11433697.67,,,,,,,,,,,,,,,,,,,,-4043785.65,7389912.02,-11433697.67,0.0688,0.0688,其他,是,20260429,CNY,合并期末,2024-04-02T23:17:03
20230930,2084884854.88,2084884854.88,,,,,,2102584516.11,1801722935.34,,,,,,,,,15443753.94,7952238.39,35166560.8,122405253.96,119893773.68,126533172.88,,-841508.3,-869810.19,,,,417568.5,,,,15206617.6,-3907328.58,20021237.71,,-130977.34,13065948.36,3163208.6,,1276260.89,,14952896.07,7719429.96,,7233466.11,7233466.11,,14407802.69,,-7174336.58,,,,,,,,,,,,,,,,,,,,7233466.11,14407802.69,-7174336.58,0.036,0.036,定期报告,未审计,20241025,CNY,合并期末,2023-10-30T18:27:04
20230630,1686810351.06,1686810351.06,,,,,,1686307042.69,1493924872.38,,,,,,,,,10278575.11,6419694.11,14444923.8,81313872.3,79925104.99,87248596.62,,-617372.61,-617372.61,,,,196936.44,,,,11961054.81,-3952571.19,14232833.77,,,22324189.59,2681584.53,,425078.58,,24580695.54,4716736.26,,19863959.28,19863959.28,-291.56,24224230.41,,-4360271.13,,,,,,,,,,,,,,,,,,,,19863959.28,24224230.41,-4360271.13,0.0605,0.0605,定期报告,未审计,20240829,CNY,合并期末,2023-08-30T19:12:06
20230331,1169981826.3,1169981826.3,,,,,,1163645604.34,1041819152.6,,,,,,,,,4444321.02,1630120.85,16719627.16,54735560.85,44296821.86,43739747.2,,,,,,,,,,,5432990.13,-964223.09,4822567.99,,148511.3,15776068.29,433354.71,,1163913.34,,15045509.66,8224646.83,,6820862.83,6820862.83,,9401870.18,,-2581007.35,,,,,,,,,,,,,,,,,,,,6820862.83,9401870.18,-2581007.35,0.0235,0.0235,定期报告,未审计,20240426,CNY,合并期末,2024-04-25T20:17:05
20221231,2837536288.59,2837536288.59,,,,,,3116671104.17,2547213194.31,,,,,,,,,18133344.89,18147727.2,49894812.23,250074638.6,233207386.94,254478038.86,,69209021.76,-906934.0,,,,-2413523.58,,,,76756385.71,-268674921.46,-72437940.36,,31128125.5,-445567668.01,2878264.81,,18523564.84,,-461212968.04,1557806.43,,-462770774.47,-462770774.47,,-457519754.02,,-5251020.45,,,,,,,,,,,,,,,,,,,,-462770774.47,-457519754.02,-5251020.45,-1.1429,-1.1429,其他,是,20260429,CNY,合并期末,2023-04-26T20:27:04
20220930,2123243618.69,2123243618.69,,,,,,2297859395.59,1898884536.15,,,,,,,,,11127123.79,8844679.4,33346925.07,189429631.57,156226499.61,168425879.48,,-415679.72,-569089.32,,,,1269786.74,,,,49859203.0,-183981598.84,-8060091.53,,30710836.85,-285233320.4,6471990.06,,5663532.88,,-284424863.22,17012581.0,,-301437444.22,-301437444.22,,-310990161.76,,9552717.54,,,,,,,,,,,,,,,,,,,,-301437444.22,-310990161.76,9552717.54,-0.7769,-0.7769,定期报告,未审计,20231031,CNY,合并期末,2022-10-27T16:37:05
20220630,1820747800.98,1820747800.98,,,,,,1904855265.97,1634779455.33,,,,,,,,,10006052.63,5566524.59,26038286.04,119615917.84,108849029.54,115753003.96,,-197083.45,-350493.05,,,,1200014.14,,,,34079940.13,-60017842.47,7233535.21,,30710836.85,-71098064.58,5969806.64,,3477842.63,,-68606100.57,15597750.29,,-84203850.86,-84203850.86,,-93516300.6,,9312449.74,,,,,,,,,,,,,,,,,,,,-84203850.86,-93516300.6,9312449.74,-0.23,-0.23,定期报告,未审计,20230831,CNY,合并期末,2022-08-23T16:57:04
20220331,806733884.23,806733884.23,,,,,,904605973.96,776633074.95,,,,,,,,,3468858.66,2785778.77,20219132.08,52459903.18,49039226.32,49797556.39,,,,,,,,,,,33376826.21,,,,27806182.0,-36689081.52,362820.69,,295566.66,,-36621827.49,2819642.47,,-39441469.96,-39441469.96,,-52059750.06,,12618280.1,,,,,,,,,,,,,,,,,,,,-39441469.96,-52059750.06,12618280.1,-0.13,-0.13,定期报告,未审计,20230427,CNY,合并期末,2023-04-26T20:27:04
20211231,3233334866.51,3233334866.51,,,,,,3400885877.33,2801353685.52,,,,,,,,,15382394.63,13567324.17,47279191.36,248301109.93,275002171.72,289283272.11,,1259289.76,-299310.24,,,,4562149.51,,,,103396493.06,-35419549.0,-8740068.46,,67452845.88,-35039850.07,12810184.39,,21050444.14,,-43280109.82,20974720.64,,-64254830.46,-64254830.46,1452207.06,-53650093.72,,-10604736.74,,,,,,,,,,,,,,,,,,,,-64254830.46,-53650093.72,-10604736.74,-0.1655,-0.1655,定期报告,是,20230427,CNY,合并期末,2023-04-26T20:27:04
20210930,2409072755.94,2409072755.94,,,,,,2531556785.51,2172752568.38,,,,,,,,,8861282.09,3136888.35,37032032.39,150114986.1,159659028.2,172439336.45,,,,,,,,,,,88314462.25,-56437291.28,69114652.26,,56970082.66,35477876.32,6918723.13,,19237389.64,,23159209.81,10352254.1,,12806955.71,12806955.71,,10201653.4,,2605302.31,,,,,,,,,,,,,,,,,,,,12806955.71,10201653.4,2605302.31,0.03,0.03,定期报告,未审计,20221028,CNY,合并期末,2021-10-24T16:12:03
20210630,1979191332.27,1979191332.27,,,,,,2037861399.13,1802415133.19,,,,,,,,,7701838.39,1715167.7,30079211.18,94207856.14,101742192.53,107137765.57,,,,,,,0.0,,,,51723831.87,-11107291.28,31274068.26,,0.0,13220541.99,931778.77,,1134866.5,,13017454.26,8788941.38,,4228512.88,4228512.88,,5072742.47,,-844229.59,,,,,,,,,,,,,,,,,,,,4228512.88,5072742.47,-844229.59,0.02,0.02,定期报告,未审计,20220824,CNY,合并期末,2021-08-26T20:12:04
20210331,901375995.14,901375995.14,,,,,,919972088.32,787546253.28,,,,,,,,,2716591.06,576167.26,23963258.55,54895311.07,50274507.1,51643631.38,,,,,,,,,,,34535778.3,,191534.0,,,16131219.12,306695.85,,56138.79,,16381776.18,10729258.24,,5652517.94,5652517.94,,5307345.8,,345172.14,,,,,,,,,,,,,,,,,,,,5652517.94,5307345.8,345172.14,0.02,0.02,定期报告,未审计,20220427,CNY,合并期末,2021-04-27T16:12:03
20201231,3547407201.64,3547407201.64,,,,,,3470787671.23,3018272291.37,,,,,,,,,21759920.2,1113183.16,44942248.9,220905122.43,163794905.17,225344700.02,,18390110.4,,,,,4235193.01,,,,96120890.24,-28731979.67,-73759478.72,,,92874265.67,9418598.35,,19538099.24,,82754764.78,12266818.06,,70487946.72,70487946.72,,43849667.25,,26638279.47,,,,,,,,,,,,,,,,,,,,70487946.72,43849667.25,26638279.47,0.14,0.14,定期报告,是,20220427,CNY,合并期末,2022-04-26T23:42:04
20200930,3251865558.38,3251865558.38,,,,,,3176120187.11,2798285508.09,,,,,,,,,11604514.25,719055.58,45084139.3,163349439.06,157077530.83,163113435.67,,17756300.0,,,,,,,,,62459196.69,-18356004.38,-31758997.46,,,105845866.12,2346392.67,,31525759.4,,76666499.39,8702149.27,,67964350.12,67964350.12,,41592011.47,,26372338.65,,,,,,,,,,,,,,,,,,,,67964350.12,41592011.47,26372338.65,0.12,0.12,定期报告,未审计,20211025,CNY,合并期末,2020-10-28T16:52:03
20200630,2300919077.86,2300919077.86,,,,,,2204658501.43,1949472488.79,,,,,,,,,7161259.43,1518864.69,37388247.35,107366701.37,101750939.8,111586196.25,,,,,,,,,,,44827152.4,-18356004.38,-23069470.24,,,99662254.21,199412.36,,28781745.52,,71079921.05,7418570.68,,63661350.37,63661350.37,,40168240.99,,23493109.38,,,,,,,,,,,,,,,,,,,,63661350.37,40168240.99,23493109.38,0.12,0.12,定期报告,未审计,20210827,CNY,合并期末,2021-08-26T20:12:04
20200331,760853298.63,760853298.63,,,,,,749579982.87,622169416.07,,,,,,,,,2579948.28,199043.76,19337527.74,61523989.25,43770057.77,47176581.47,,,,,,,,,,,23684956.22,-16984062.49,,,,17974209.49,104786.11,,32789.69,,18046205.91,1670038.44,,16376167.47,16376167.47,,12088364.43,,4287803.04,,,,,,,,,,,,,,,,,,,,16376167.47,12088364.43,4287803.04,0.04,0.04,定期报告,未审计,20210428,CNY,合并期末,2020-04-20T15:52:03
20191231,3662949804.03,3662949804.03,,,,,,3985336491.36,3446565658.51,,,,,,,,,15824280.68,5011980.26,97837354.15,284865898.19,135231319.57,252399497.59,,241368075.06,,,,,-70437119.0,,,,325433326.04,-75163015.95,-46617773.81,,,52196805.01,6643160.76,,12672776.49,,46167189.28,27890807.57,,18276381.71,18276381.71,,31891158.49,,-13614776.78,,,,,,,,,,,,,,,,,,,,18276381.71,31891158.49,-13614776.78,0.1,0.1,定期报告,是,20210331,CNY,合并期末,2021-03-31T00:27:03
20190930,2541155340.19,2541155340.19,,,,,,2975829585.19,2504800569.8,,,,,,,,,9602828.46,3082010.98,66578306.71,201010851.27,190755017.97,190357716.28,,31793214.43,,,,,0.0,,,,52994747.03,-195031098.31,,,0.0,-544917381.85,578526.77,,419133.79,,-544757988.87,4592709.56,,-549350698.43,-549350698.43,,-538710335.34,,-10640363.09,,,,,,,,,,,,,,,,,,,,-549350698.43,-538710335.34,-10640363.09,-1.66,-1.66,定期报告,未审计,20201029,CNY,合并期末,2020-03-13T16:00:40
20190630,1664649197.36,1664649197.36,,,,,,1974112985.11,1640379017.4,,,,,,,,,7768615.01,2288888.08,53989413.27,146696836.88,122990214.47,122210696.37,,23402556.72,,,,,,,,,42885731.37,-263401945.34,,,,-506577445.0,384192.95,,307032.87,,-506500284.92,1303137.67,,-507803422.59,-507803422.59,,-498216182.66,,-9587239.93,,,,,,,,,,,,,,,,,,,,-507803422.59,-498216182.66,-9587239.93,-1.54,-1.54,定期报告,未审计,20200725,CNY,合并期末,2020-03-13T16:00:40
20190331,854269894.14,854269894.14,,,,,,999544142.79,821814838.0,,,,,,,,,4775490.46,742511.59,31957330.77,80399115.69,59854856.28,66319998.55,,0.0,,,,,,,,,23888095.75,-140815201.12,,,,-262201354.02,364279.9,,121225.23,,-261958299.35,14767296.7,,-276725596.05,-276725596.05,,-266706247.21,-65587297.82,-10019348.84,,,,,,,,,,,,,,,,,,,,-276725596.05,-266706247.21,-10019348.84,-0.82,-0.82,定期报告,未审计,20200421,CNY,合并期末,2020-03-13T16:00:40
20181231,3598250679.55,3598250679.55,,,,,,4590976049.32,3812476628.99,,,,,,,,,36996970.2,6132191.31,106345361.33,371947775.12,257077122.37,259818566.91,,1142810.39,,,,,,,,,110024603.7,-378351363.06,,,2030963.86,-1257878354.88,6222836.34,,30542871.99,,-1282198390.53,100171867.04,,-1382370257.57,-1382370257.57,,-1363041771.9,,-19328485.67,,,,,,,,,,,,,,,,,,,,-1382370257.57,-1363041771.9,-19328485.67,-4.21,-4.21,定期报告,是,20200413,CNY,合并期末,2020-03-13T16:00:40
20180930,2846456915.89,2846456915.89,,,,,,3330747287.9,2794283467.02,,,,,,,,,14654620.99,5422149.08,82236942.09,239394104.51,194756004.21,196640465.82,,1143010.39,,,0.0,,-200.0,,,,72721902.19,-190368566.8,,,0.0,-600794226.23,2590750.45,,203767.87,,-598407243.65,62574861.58,,-660982105.23,-660982105.23,,-647709264.08,,-13272841.15,,,,,,,,,,,,,,,,,,,,-660982105.23,-647709264.08,-13272841.15,-2.0,-2.0,定期报告,未审计,20191026,CNY,合并期末,2020-03-13T16:00:40
20180630,1664297178.05,1664297178.05,,,,,,1986580655.84,1619010665.84,,,,,,,,,10404914.29,1730087.08,64130590.28,161353434.69,129950963.66,129992470.53,,1142640.39,,,,,0.0,,,,59661956.98,-186455060.91,,,,-447933941.33,1215306.88,,168179.52,,-446886813.97,59622227.1,,-506509041.07,-506509041.07,,-496047928.39,-106250502.19,-10461112.68,,,,,,,,,,,,,,,,,,,,-506509041.07,-496047928.39,-10461112.68,-1.53,-1.53,定期报告,未审计,20190817,CNY,合并期末,2020-03-13T16:00:40
20180331,696840007.07,696840007.07,,,,,,928065017.52,741770565.61,,,,,,,,,4120349.89,0.0,24470285.72,99614424.77,58089391.53,58062671.87,,-7359.61,,,,,0.0,,,,34770598.11,,,,,-196461771.95,376520.55,,74495.95,,-196159747.35,949168.69,,-197108916.04,-197108916.04,,-193720358.44,-83259979.23,-3388557.6,,,,,,,,,,,,,,,,,,,,-197108916.04,-193720358.44,-3388557.6,-0.22,-0.22,定期报告,未审计,20190427,CNY,合并期末,2020-03-13T16:00:40
20171231,2906420912.16,2906420912.16,,,,,,3270942729.46,2598008874.93,,,,,,,,,18896116.18,4998276.27,86438239.64,317984212.18,211868057.1,205785405.15,,23480404.2,,,,,-215800.0,,,,109166503.8,,,,,-232090709.3,1802976.44,,4522531.73,,-234810264.59,-36453248.95,,-198357015.64,-198357015.64,,-193633993.08,-27939722.53,-4723022.56,,,,,,,,,,,,,,,,,,,,-198357015.64,-193633993.08,-4723022.56,-0.6,-0.6,定期报告,是,20190403,CNY,合并期末,2020-03-13T16:00:40
20170930,1686619805.09,1686619805.09,,,,,,1884453620.93,1420477647.49,,,,,,,,,11840926.39,2976327.31,58165417.93,235151352.29,159050969.66,161461930.39,,28335648.75,,,0.0,,-193800.0,,,,0.0,,,,,-169691967.09,59342488.71,8965.81,953793.8,85557.22,-111303272.18,-7069266.14,,-104234006.04,-104234006.04,,-100197287.34,-23537023.03,-4036718.7,,,,,,,,,,,,,,,,,,,,-104234006.04,-100197287.34,-4036718.7,-0.22,-0.22,定期报告,未审计,20181026,CNY,合并期末,2020-03-13T16:00:40
20170630,1193154646.52,1193154646.52,,,,,,1336943511.6,1016326184.6,,,,,,,,,8619958.63,,49557603.02,159555923.7,106182884.65,,,28335837.6,,,,,-193800.0,,,,0.0,,,,,-115646827.48,32893251.92,,680917.98,,-83434493.54,-7828468.35,,-75606025.19,,,-72874245.52,1297340.8,-2731779.67,,,,,,,,,,,,,,,,,,,,-75606025.19,-72874245.52,-2731779.67,-0.22,-0.22,定期报告,未审计,20180727,CNY,合并期末,2020-03-13T16:00:40
20170331,870495965.1,870495965.1,,,,,,920036757.84,739376609.74,,,,,,,,,5806907.06,,26557786.69,93750970.45,54547941.97,,,26111960.01,,,,,705000.0,,,,0.0,,,,,-22723832.73,23989068.99,0.0,320894.31,0.0,944341.95,724693.12,,219648.83,219648.83,,2951824.98,,-2732176.15,,,,,,,,,,,,,,,,,,,,219648.83,2951824.98,-2732176.15,0.01,0.01,定期报告,未审计,20180427,CNY,合并期末,2020-03-13T16:00:40
20161231,3588819665.4,3588819665.4,,,,,,3678629914.84,3048329654.6,,,,,,,,,35656677.37,,79518624.84,305965775.63,186222543.96,,,1110640.05,,,,,193800.0,,,,0.0,,,,,-88505809.39,133444278.57,856629.53,11587877.61,6847450.67,33350591.57,13313989.12,,20036602.45,20036602.45,,18979947.93,14456276.26,1056654.52,,,,,,,,,,,,,,,,,,,,20036602.45,18979947.93,1056654.52,0.06,0.06,定期报告,是,20180321,CNY,合并期末,2020-03-13T16:00:40
20160930,1624814189.31,1624814189.31,,,,,,1903916835.73,1488953079.52,,,,,,,,,6713431.96,,60755756.81,218152146.75,135911943.87,,,840010.05,,,,,0.0,,,,,,,,,-278262636.37,26023865.68,56464.95,4632914.98,103078.24,-256871685.67,3488318.09,,-260360003.76,,,-258392529.51,-46729809.42,-1967474.25,,,,,,,,,,,,,,,,,,,,-260360003.76,-258392529.51,-1967474.25,-0.8,-0.8,定期报告,未审计,20171026,CNY,合并期末,2020-03-13T16:00:40
20160630,920285986.64,920285986.64,,,,,,1134863630.79,845406712.26,,,,,,,,,3972548.47,,44571424.45,156671952.02,90818003.14,,,1450000.0,,,,,0.0,,,,,,,,,-213127644.15,14802757.51,8000.0,825215.11,103078.24,-199150101.75,2644579.61,,-201794681.36,,,-200599662.69,,-1195018.67,,,,,,,,,,,,,,,,,,,,-201794681.36,-200599662.69,-1195018.67,-0.62,-0.62,定期报告,未审计,20170823,CNY,合并期末,2020-03-13T16:00:40
20160331,515593685.36,515593685.36,,,,,,639218414.62,479131119.63,,,,,,,,,2018274.15,,28990533.44,89800841.22,39377646.18,,,,,,,,,,,,,,,,,-123624729.26,9295476.44,0.0,594611.9,0.0,-114923864.72,983389.63,,-115907254.35,,,-114292185.26,-24233527.15,-1615069.09,,,,,,,,,,,,,,,,,,,,-115907254.35,-114292185.26,-1615069.09,-0.35,-0.35,其他,未审计,20170427,CNY,合并期末,2020-03-13T16:00:40
20151231,3138423356.73,3138423356.73,,,,,,3239305948.65,2675329133.9,,,,,,,,,20572459.22,,85596392.62,268253972.14,143636661.25,,,54255481.75,,,,,,,,,,,,,,-46627110.17,99386670.99,18199.27,4831018.48,1115273.9,47928542.34,-5017239.0,,52945781.34,,,59853379.01,23716690.9,-6907597.67,,,,,,,,,,,,,,,,,,,,52945781.34,59853379.01,-6907597.67,0.19,0.19,定期报告,是,20170427,CNY,合并期末,2020-03-13T16:00:40
20150930,2208241224.19,2208241224.19,,,,,,2227666979.21,1847986871.75,,,,,,,,,12243446.83,,63232979.16,190099147.6,104731446.37,,,-9459.17,,,,,,,,,,,,,,-19435214.19,68901490.36,,3672116.51,86976.18,45794159.66,2293305.85,,43500853.81,,,39710788.8,8996442.21,3790065.01,,,,,,,,,,,,,,,,,,,,43500853.81,39710788.8,3790065.01,0.13,0.13,定期报告,未审计,20161027,CNY,合并期末,2020-03-13T16:00:40
20150630,1418989459.37,1418989459.37,,,,,,1434748229.6,1186373051.47,,,,,,,,,7098755.17,,48298942.12,122562577.37,69961107.41,,,-9459.17,,,,,,,,,,,,,,-15768229.4,46453753.26,,3265644.33,,27419879.53,1391750.32,,26028129.21,,,23813842.78,5141820.94,2214286.43,,,,,,,,,,,,,,,,,,,,26028129.21,23813842.78,2214286.43,0.08,0.08,定期报告,未审计,20160826,CNY,合并期末,2020-03-13T16:00:40
20150331,880644911.92,880644911.92,,,,,,901151294.19,757939534.78,,,,,,,,,4176059.57,,27346782.57,79292777.87,32536252.29,,,,,,,,,,,,,,,,,-20506382.27,43545919.78,,251291.26,,22788246.25,570285.0,,22217961.25,,,21040755.98,-13231260.94,1177205.27,,,,,,,,,,,,,,,,,,,,22217961.25,21040755.98,1177205.27,0.07,0.07,定期报告,未审计,20160423,CNY,合并期末,2020-03-13T16:00:40
20141231,2692885366.76,2692885366.76,,,,,,3032462259.15,2462865339.91,,,,,,,,,10480586.35,,84440766.03,287898221.13,181295934.01,,,,,,,,,,,,,,,,,-339576892.39,39737058.95,4486117.76,6969337.57,6969337.57,-306809171.01,-32434534.68,,-274374636.33,,,-286667055.7,-13231260.94,12292419.37,,,,,,,,,,,,,,,,,,,,-274374636.33,-286667055.7,12292419.37,-1.0,-1.0,定期报告,是,20160401,CNY,合并期末,2020-03-13T16:00:40
20140930,2072625404.64,2072625404.64,,,,,,2212337750.45,1881452801.26,,,,,,,,,7219229.75,,58324501.17,163271102.79,100833502.05,,,,,,,,,,,,,,,,,-139712345.81,12051495.88,,4759109.28,3536489.11,-132419959.21,4190537.58,,-136610496.79,,,-145811417.4,23621365.21,9200920.61,-662741.27,,,,,,,,,,,,,,,,,,,-136610496.79,-145811417.4,9200920.61,-0.51,-0.51,定期报告,未审计,20151028,CNY,合并期末,2020-03-13T16:00:40
20140630,1240574567.11,1240574567.11,,,,,,1291128412.15,1095649400.39,,,,,,,,,4763006.45,,51491375.08,76315066.82,61672949.98,,,,,,,,,,,,,,,,,-50553845.04,11644360.31,,4538676.17,3536489.11,-43448160.9,3211141.18,,-46659302.08,,,-52378181.63,11282234.36,5718879.55,-662741.27,,,,,,,,,,,,,,,,,,,-46659302.08,-52378181.63,5718879.55,-0.18,-0.18,定期报告,未审计,20150813,CNY,合并期末,2020-03-13T16:00:40
20140331,617745580.8,617745580.8,,,,,,676888153.19,542260165.08,,,,,,,,,2134984.67,,29707506.54,62954625.7,39830871.2,,,,,,,,,,,,,,,,,-59142572.39,7937702.59,,4401814.76,3536486.11,-55606684.56,1224081.84,,-56830766.4,,,-58954392.79,,2123626.39,,,,,,,,,,,,,,,,,,,,-56830766.4,-58954392.79,2123626.39,-0.21,-0.21,定期报告,未审计,20150424,CNY,合并期末,2020-03-13T16:00:40
20131231,4399004527.27,4399004527.27,,,,,,4651238221.46,3824087872.54,,,,,,,,,29844087.47,,85259908.64,447270632.36,223750487.85,,,-4147741.37,-4685569.23,,,,,,,,,,,,,-256381435.56,372080590.43,176730872.78,5424155.1,390099.93,110274999.77,42284774.81,,67990224.96,,,49371242.93,-3933670.64,18618982.03,229601389.97,,,,,,,,,,,,,,,,,,,67990224.96,49371242.93,18618982.03,0.17,0.17,定期报告,是,20150424,CNY,合并期末,2020-03-13T16:00:40
20130930,2909205696.67,2909205696.67,,,,,,3063316124.5,2583793660.2,,,,,,,,,16516281.27,,58587352.81,225067454.07,177618185.51,,,-1123070.89,-1165898.75,,,,,,,,,,,,,-155233498.72,6520368.05,,522310.88,,-149235441.55,3104256.33,,-152339697.88,,,-145586856.75,-32075514.1,-6752841.13,,,,,,,,,,,,,,,,,,,,-152339697.88,-145586856.75,-6752841.13,-0.51,-0.51,定期报告,未审计,20141030,CNY,合并期末,2020-03-13T16:00:40
20130630,1730860835.03,1730860835.03,,,,,,1861388745.15,1532779068.01,,,,,,,,,9803115.46,,48577485.78,143852766.32,124473691.67,,,-994230.83,-1037058.69,,,,,,,,,,,,,-131522140.95,4228821.12,,304360.88,5261.0,-127597680.71,823382.16,,-128421062.87,,,-119681268.97,-35202694.19,-8739793.9,,,,,,,,,,,,,,,,,,,,-128421062.87,-119681268.97,-8739793.9,-0.42,-0.42,定期报告,未审计,20140731,CNY,合并期末,2020-03-13T16:00:40
20130331,823487001.64,823487001.64,,,,,,913638224.16,725522421.31,,,,,,,,,4488605.89,,26465639.13,89631500.0,67530057.83,,,-635077.24,-677905.1,,,,,,,,,,,,,-90786299.76,2824869.81,,159750.23,5261.65,-88121180.18,507374.15,,-88628554.33,,,-83301773.74,-24469308.09,-5326780.59,,,,,,,,,,,,,,,,,,,,-88628554.33,-83301773.74,-5326780.59,-0.29,-0.29,定期报告,未审计,20140424,CNY,合并期末,2020-03-13T16:00:40
20121231,3311709131.21,3311709131.21,,,,,,3692990546.33,2895469886.48,,,,,,,,,34569952.44,,63318504.0,399064563.46,201575446.44,,,-610155.26,-756954.77,,,,,,,,,,,,,-381891570.38,12407694.05,,8412842.55,3676447.38,-377896718.88,-47588998.05,,-330307720.83,,,-310311722.04,-72545104.97,-19995998.79,,,,,,,,,,,,,,,,,,,,-330307720.83,-310311722.04,-19995998.79,-1.08,-1.08,定期报告,是,20140314,CNY,合并期末,2020-03-13T16:00:40
20120930,2344923581.63,2344923581.63,,,,,,2511246053.7,2040724833.41,,,,,,,,,13559686.05,,50813194.82,257039391.93,151061183.16,,,-249404.36,-396203.87,,,,,,,,,,,,,-166571876.43,3697793.87,,3634406.73,2063540.63,-166508489.29,-17270840.93,,-149237648.36,,,-133460268.09,-47670344.02,-15777380.27,,,,,,,,,,,,,,,,,,,,-149237648.36,-133460268.09,-15777380.27,-0.47,-0.47,定期报告,未审计,20131025,CNY,合并期末,2020-03-13T16:00:40
20120630,1825008533.48,1825008533.48,,,,,,1867317183.34,1554574520.46,,,,,,,,,9314806.99,,35219598.61,164214871.85,105945619.29,,,-239762.53,-386562.04,,,,,,,,,,,,,-42548412.39,3493009.11,,2785118.35,2063540.63,-41840521.63,2306725.11,,-44147246.74,,,-32460732.26,-34243514.08,-11686514.48,,,,,,,,,,,,,,,,,,,,-44147246.74,-32460732.26,-11686514.48,-0.11,-0.11,定期报告,未审计,20130802,CNY,合并期末,2020-03-13T16:00:40
20120331,732041281.4,732041281.4,,,,,,790601006.44,620238746.46,,,,,,,,,3505695.63,,26390352.34,97660147.02,42966904.99,,,-168694.52,-168694.52,,,,,,,,,,,,,-58728419.56,1181816.65,,222560.3,,-57769163.21,773215.28,,-58542378.49,,,-51597426.39,-18270765.69,-6944952.1,,,,,,,,,,,,,,,,,,,,-58542378.49,-51597426.39,-6944952.1,-0.18,-0.18,定期报告,未审计,20130426,CNY,合并期末,2020-03-13T16:00:40
20111231,4223649534.88,4223649534.88,,,,,,4158893148.31,3511749830.7,,,,,,,,,33852415.35,,56324930.66,395065851.93,163346060.31,,,-4796741.26,-4913441.26,,,,,,,,,,,,,59959645.31,41252487.78,,5168745.33,3853314.11,96043387.76,50606059.42,,45437328.34,,,86081462.3,-123560808.36,-40644133.96,-112723.03,,,,,,,,,,,,,,,,,,,45324605.31,85968739.27,-40644133.96,0.3,0.3,定期报告,是,20130412,CNY,合并期末,2020-03-13T16:00:40
20110930,2855784631.87,2855784631.87,,,,,,2688795487.12,2286996895.7,,,,,,,,,20860734.42,,38757498.78,219408138.3,117636003.56,,,-2213396.44,-2330096.44,,,,,,,,,,,,,164775748.31,38760629.75,,1223436.15,146413.57,202312941.91,71972006.55,,130340935.36,,,156355889.09,-85250549.99,-26014953.73,-112723.03,,,,,,,,,,,,,,,,,,,130228212.33,156243166.06,-26014953.73,0.55,0.55,定期报告,未审计,20121025,CNY,合并期末,2020-03-13T16:00:40
20110630,2141922317.34,2141922317.34,,,,,,1988396171.4,1718552250.02,,,,,,,,,11156251.32,,27794503.69,146515338.0,79241612.01,,,-1067602.44,-1184302.44,,,,,,,,,,,,,152458543.5,36924700.84,,940693.62,146413.57,188442550.72,58973758.55,,129468792.17,,,143866275.3,-47969036.3,-14397483.13,-112723.03,,,,,,,,,,,,,,,,,,,129356069.14,143753552.27,-14397483.13,0.5,0.5,定期报告,未审计,20120817,CNY,合并期末,2020-03-13T16:00:40
20110331,899700250.96,899700250.96,,,,,,873264259.22,730433021.73,,,,,,,,,3929341.06,,17594232.93,87232343.72,34075319.78,,,-507589.97,-624289.97,,,,,,,,,,,,,25928401.77,35561628.32,,109743.89,,61380286.2,21829927.17,,39550359.03,,,46279319.88,,-6728960.85,,,,,,,,,,,,,,,,,,,,39550359.03,46279319.88,-6728960.85,0.16,0.16,定期报告,未审计,20120420,CNY,合并期末,2020-03-13T16:00:40
20101231,3875019021.35,3875019021.35,,,,,,3735879560.7,3174659187.96,,,,,,,,,30716255.85,,51333633.23,370199703.12,98968041.48,,,-1276997.71,-1276997.71,,,,,,,,,,,,,137862462.94,55002018.58,,4109463.28,1975884.38,188755018.24,17257982.45,,171497035.79,,,183857382.65,,-12360346.86,-922752.02,,,,,,,,,,,,,,,,,,,170574283.77,182934630.63,-12360346.86,0.64,0.64,定期报告,是,20120420,CNY,合并期末,2020-03-13T16:00:40
20100930,2306086007.21,2306086007.21,,,,,,2265140872.18,1927219713.22,,,,,,,,,16532038.27,,37208486.4,209698956.0,76970361.81,,,-1157062.66,-1157062.66,,,,,,,,,,,,,39788072.37,51296307.5,,2065192.31,677821.72,89019187.56,12506564.4,,76512623.16,,,86683465.89,,-10170842.73,-922752.02,,,,,,,,,,,,,,,,,,,75589871.14,85760713.87,-10170842.73,0.3,0.3,定期报告,未审计,20111027,CNY,合并期末,2020-03-13T16:00:40
20100630,1522238867.95,1522238867.95,,,,,,1452078921.25,1247664188.29,,,,,,,,,7999705.29,,26997576.14,120522077.08,51197430.13,,,-1032632.05,-453144.93,,,,,,,,,,,,,69127314.65,9730906.48,,506899.43,3800.0,78351321.7,9232072.74,,69119248.96,,,71816464.86,,-2697215.9,-48113.02,,,,,,,,,,,,,,,,,,,69071135.94,71768351.84,-2697215.9,0.25,0.25,定期报告,未审计,20110728,CNY,合并期末,2020-03-13T16:00:40
20100331,979386234.73,979386234.73,,,,,,904208345.92,787683148.63,,,,,,,,,4037125.53,,16267678.79,71529833.1,24690559.87,,,-579487.12,-579487.12,,,,,,,,,,,,,74598401.69,3288561.58,,269887.41,,77617075.86,8019426.53,,69597649.33,,,69183182.11,,414467.22,-48113.02,,,,,,,,,,,,,,,,,,,69549536.31,69135069.09,414467.22,0.24,0.24,定期报告,未审计,20110422,CNY,合并期末,2020-03-13T16:00:40
20091231,3531908311.94,3531908311.94,,,,,,3383070637.5,2866886148.65,,,,,,,,,25627772.51,,70437669.82,304033471.25,113268166.21,,,-7213339.72,-7213339.72,,,,,,,,,,,,,141624334.72,10017681.13,,2624342.24,1183152.65,149017673.61,16624499.89,,132393173.72,,,121877197.17,,10515976.55,692561.47,,,,,,,,,,,,,,,,,,,133085735.19,122444679.64,10641055.55,0.43,0.43,定期报告,是,20110225,CNY,合并期末,2020-03-13T16:00:40
20090930,2481481720.01,2481481720.01,,,,,,2391943711.29,2030367235.86,,,,,,,,,17109866.84,,58349270.1,191134809.74,93003484.37,,,-4613313.3,-4613313.3,,,,,,,,,,,,,84924695.42,5018579.89,,2197998.85,663869.42,87745276.46,8866083.66,,78879192.8,,,74386532.67,,4492660.13,290331.74,,,,,,,,,,,,,,,,,,,79169524.54,74630199.41,4539325.13,0.26,0.26,定期报告,未审计,20101022,CNY,合并期末,2020-03-13T16:00:40
20090630,1786328388.74,1786328388.74,,,,,,1740863176.06,1488364370.24,,,,,,,,,8391186.04,,44610733.63,130180796.11,67337045.66,,,-3248038.29,-3248038.29,,,,,,,,,,,,,42217174.39,2422665.31,,1299960.94,663869.42,43339878.76,4743047.8,,38596830.96,,,37666920.89,,929910.07,,,,,,,,,,,,,,,,,,,,38596830.96,37666920.89,929910.07,0.13,0.13,定期报告,未审计,20100820,CNY,合并期末,2020-03-13T16:00:40
20090331,793192515.35,793192515.35,,,,,,851818221.72,713757947.12,,,,,,,,,3927238.35,,22084567.82,77465828.83,33982639.6,,,-1649315.53,-1649315.53,,,,,,,,,,,,,-60275021.9,676931.4,,89457.1,3955.84,-59687547.6,861809.02,,-60549356.62,,,-56235264.1,,-4314092.52,,,,,,,,,,,,,,,,,,,,-60549356.62,-56235264.1,-4314092.52,-0.2,-0.2,定期报告,未审计,20100429,CNY,合并期末,2020-03-13T16:00:40
20081231,3297842311.68,3297842311.68,,,,,,3247298378.91,2754735882.94,,,,,,,,,22595624.87,,64198784.98,278262346.71,126566913.72,,,543.46,-234147.94,,,,,,,,,,,,,50544476.23,11394551.65,,12036453.9,6303753.71,49902573.98,12419588.59,,37482985.39,,,26923861.47,,10559123.92,-811741.09,,,,,,,,,,,,,,,,,,,36671244.3,26081010.38,10590233.92,0.09,0.09,定期报告,是,20100326,CNY,合并期末,2020-03-13T16:00:40
20080930,2643709762.97,2643709762.97,,,,,,2512209156.76,2167226686.26,,,,,,,,,16854133.96,,50408360.32,182549613.7,96662803.97,,,-3635680.16,-3855680.16,,,,,,,,,,,,,127864926.05,6015803.0,,8404128.02,,125476601.03,30333428.34,,95143172.69,,,82720859.41,,12422313.28,,,,,,,,,,,,,,,,,,,,95143172.69,95143172.69,,0.29,0.29,定期报告,未审计,20091028,CNY,合并期末,2020-03-13T16:00:40
20080630,2090123599.17,2090123599.17,,,,,,1961090474.05,1726200258.06,,,,,,,,,9645957.97,,39107719.82,124079562.98,63549416.67,,,-1782489.33,-2002489.33,,,,,,,,,,,,,127250635.79,2434922.3,,3631459.19,2163702.31,126054098.9,30328207.2,,95725891.7,,,91286442.57,,4439449.13,,,,,,,,,,,,,,,,,,,,,,,0.32,0.32,定期报告,未审计,20090813,CNY,合并期末,2020-03-13T16:00:40
20080331,1041756031.79,1041756031.79,,,,,,962320215.54,847087516.65,,,,,,,,,4496263.27,,15350763.96,65889860.1,29495811.56,,,-470729.63,-690729.63,,,,,,,,,,,,,78965086.62,723045.05,,2221713.27,,77466418.4,7667370.49,,69799047.91,,,67405277.84,,2393770.07,,,,,,,,,,,,,,,,,,,,,,,0.24,0.24,定期报告,未审计,20090424,CNY,合并期末,2020-03-13T16:00:40
20071231,3135942466.92,3135942466.92,,,,,,2993381189.25,2541256548.43,,,,,,,,,22477961.04,,43120055.84,261589748.24,110511475.22,,,392566.98,77362.65,,,,,,,,,,,,,142953844.65,14123534.16,,5324139.36,2966828.86,151753239.45,21847603.17,,129905636.28,,,129835994.89,,69641.39,,,,,,,,,,,,,,,,,,,,,,,0.49,0.49,定期报告,是,20090326,CNY,合并期末,2020-03-13T16:00:40
20070930,1961216054.38,1961216054.38,,,,,,1879891057.08,1605190389.44,,,,,,,,,12450971.39,,30811630.6,146963724.13,82490239.17,,,-701090.36,-1016294.69,,,,,,,,,,,,,80623906.94,4244734.55,,2288544.51,,82580096.98,16316019.29,,66264077.69,,,70172982.45,,-3908904.76,,,,,,,,,,,,,,,,,,,,,,,0.27,0.27,定期报告,未审计,20081025,CNY,合并期末,2020-03-13T16:00:40
20070630,1214719468.49,1214719468.49,,,,,,1181503758.02,1001544028.59,,,,,,,,,4712389.25,,21789321.81,100080038.18,53432544.48,,,-137900.85,-453105.18,,,,,,,,,,,,,33077809.62,1781224.21,,974694.11,,33884339.72,7402132.92,,26482206.8,,,31673694.6,,-5191487.8,,,,,,,,,,,,,,,,,,,,,,,0.12,0.12,定期报告,未审计,20080814,CNY,合并期末,2020-03-13T16:00:40
20070331,743101528.54,743101528.54,,,,,,693154447.76,601126693.86,,,,,,,,,2350158.92,,12507600.11,56441034.39,20728960.48,,,188183.62,188183.62,,,,,,,,,,,,,50135264.4,714727.79,,245179.14,,50604813.05,8370062.91,,42234750.14,,,44553831.9,,-2319081.76,,,,,,,,,,,,,,,,,,,,,,,0.17,0.17,定期报告,未审计,20080425,CNY,合并期末,2020-03-13T16:00:40
20061231,2782865590.33,2782865590.33,,,,,,2569231644.98,2198758526.1,,,,,,,,,23628303.79,,26167137.91,250594245.31,76214168.6,,,-2557982.35,-3052697.14,,,,,,,120000.0,,,,8442245.65,,211075963.0,19857315.03,,9264791.33,4435117.33,221668486.7,55219320.24,,166449166.46,,,198764137.28,,-32314970.82,,,,,,,,,,,,,,,,,,,,,,,0.76,0.76,定期报告,是,20080313,CNY,合并期末,2020-03-13T16:00:40
20060930,1825116487.83,1825116487.83,,,,,,1685980017.58,1429822215.05,,,,,,,,,14939083.59,,18601686.06,164606034.47,59394146.21,,,-2074133.03,-2100597.82,,,,,,,,,,,4482115.51,,137062337.22,6889482.3,,4772946.86,,139178872.66,28742168.01,,110436704.65,,,132804827.27,,-22368122.62,,,,,,,,,,,,,,,,,,,,,,,0.51,0.51,定期报告,未审计,20071017,CNY,合并期末,2020-03-13T16:00:40
20060630,1519020171.34,1519020171.34,,,,,,1330296361.16,1161869750.62,,,,,,,,,11459895.88,,14321723.25,104741950.42,39072305.77,,,-1285139.48,,,,,,,,,,,,3062759.34,,187438670.7,6490528.75,,728597.97,,193200601.48,33512763.41,,159687838.07,,,179481651.55,,-19793813.48,,,,,,,,,,,,,,,,,,,,,,,0.68,0.68,定期报告,未审计,20070727,CNY,合并期末,2020-03-13T16:00:40
20060331,1062139068.84,1062139068.84,,,,,,872759665.01,763399933.7,,,,,,,,,6961831.33,,11122490.56,66537174.67,24738234.75,,,-183159.46,,,,,,,,,,,,2266292.41,,189379403.83,5527946.1,,688331.35,,194219018.58,31083672.61,,163135345.97,,,171683678.76,,-8548332.79,,,,,,,,,,,,,,,,,,,,,,,0.65,0.65,定期报告,未审计,20070424,CNY,合并期末,2020-03-13T16:00:40
20051231,1684928315.15,1678477893.93,,,,,,1651080989.23,1367348095.43,,,,,,,,,17927103.08,,30531038.34,172129873.01,63144879.37,,,-1468755.35,,,,,,,,2847222.33,,,,6450421.22,,35225792.9,7289825.98,,14023960.07,,28491658.81,20504599.23,,7987059.58,,,35197653.11,,-27210593.53,,,,,,,,,,,,,,,,,,,,,,,,,定期报告,是,20070323,CNY,合并期末,2020-03-13T16:00:40
20050930,990388882.54,986584421.83,,,,,,1003666600.94,809612245.35,,,,,,,,,9589151.94,,23113956.53,119275171.62,42076075.5,,,-1633411.48,,,,,,,,820408.33,,,,3804460.71,,-14090721.55,3925018.48,,2505345.35,,-12671048.42,1106645.33,,-13777693.75,,,942923.28,,-14720617.03,,,,,,,,,,,,,,,,,,,,,,,,,定期报告,未审计,20061025,CNY,合并期末,2020-03-13T16:00:40
20050630,713647981.68,711990521.21,,,,,,713397147.75,582812123.63,,,,,,,,,5382282.52,,18592755.18,79200517.29,27409469.13,,,-1356353.51,,,,,,,,820408.33,,,,1657460.47,,-285111.25,1870882.26,,1216086.48,,369684.53,2133112.26,,-1763427.73,,,5260698.43,,-7024126.16,,,,,,,,,,,,,,,,,,,,,,,,,定期报告,未审计,20060816,CNY,合并期末,2020-03-13T16:00:40
20050331,382531594.89,382015382.08,,,,,,377978964.78,315564402.28,,,,,,,,,2151674.92,,8047964.49,39306801.68,12908121.41,,,-213079.07,,,,,,,,,,,,516212.81,,4339551.04,275113.16,,940515.07,,3674149.13,1683090.25,,1991058.88,,,5088678.85,,-3097619.97,,,,,,,,,,,,,,,,,,,,,,,,,定期报告,未审计,20060426,CNY,合并期末,2020-03-13T16:00:40
20041231,1730820340.17,1727738774.07,,,,,,1547698170.95,1315097865.42,,,,,,,,,18105837.12,,28022832.51,176091634.47,10380001.43,,,-1073132.36,,,,,,,,,,,,3081566.1,,182049036.86,1609020.55,,9980866.76,,173677190.65,36946367.72,,136730822.93,,,149088703.06,,-12357880.13,,,,,,,,,,,,,,,,,,,,,,,,,定期报告,是,20060225,CNY,合并期末,2020-03-13T16:00:40
20040930,1141295959.89,1140311252.08,,,,,,1015961462.61,855516681.67,,,,,,,,,11550482.81,,20071251.77,112144912.24,16678134.12,,,-31603.82,,,,,,,,,,,,984707.81,,125302893.46,4128759.91,,1464500.23,,127967153.14,20595880.03,,107371273.11,,,114287252.42,,-6915979.31,,,,,,,,,,,,,,,,,,,,,,,,,定期报告,未审计,20051028,CNY,合并期末,2020-03-13T16:00:40
20040630,900712188.06,898888104.9,,,,,,801368082.24,669497809.43,,,,,,,,,7628723.21,,17790390.94,92699478.57,13751680.09,,,-6985.88,,,,,,,,,,,,1824083.16,,99337119.94,806167.04,,340422.99,,99802863.99,18567493.38,,81235370.61,,,86522739.66,,-5287369.05,,,,,,,,,,,,,,,,,,,,,,,,,定期报告,未审计,20050729,CNY,合并期末,2020-03-13T16:00:40
20040331,416537038.14,414827489.74,,,,,,382974606.62,311237181.1,,,,,,,,,2216547.7,,9259498.22,50358288.29,9903091.31,,,-24617.94,,,,,,,,,,,,1709548.4,,33537813.58,296650.3,,180486.58,,33653977.3,5621833.5,,28032143.8,,,31825289.89,,-3793146.09,,,,,,,,,,,,,,,,,,,,,,,,,定期报告,未审计,20050421,CNY,合并期末,2020-03-13T16:00:40
20031231,1507649252.97,1500777220.42,,,,,,1406034270.53,1198541934.62,,,,,,,,,13703586.15,,25143391.12,143933745.06,24711613.58,,,498914.86,,,,,,,,,,,,6872032.55,,102113897.3,4438017.61,,4485782.33,,102066132.58,-7995932.96,,110062065.54,,,110202522.87,,-140457.33,,,,,,,,,,,,,,,,,,,,,,,,,定期报告,是,20050226,CNY,合并期末,2020-03-13T16:00:40
20030930,1001211781.65,999172891.08,,,,,,958915821.95,817433785.88,,,,,,,,,8521977.4,,20519322.96,94259008.04,18181727.67,,,1262221.04,,,,,,,,,,,,2038890.57,,43558180.74,876914.36,,919399.16,,43515695.94,-18989927.51,,62505623.45,,,62856529.97,,-350906.52,,,,,,,,,,,,,,,,,,,,,,,,,定期报告,未审计,20041029,CNY,合并期末,2020-03-13T16:00:40
20030630,589014886.17,587828982.29,,,,,,564368950.19,466384851.67,,,,,,,,,3546629.73,,13727968.34,68004510.32,12704990.13,,,472519.93,,,,,,,,,,,,1185903.88,,25118455.91,652294.92,,895673.07,,24875077.76,-21769157.96,,46644235.72,,,46756815.31,,-112579.59,,,,,,,,,,,,,,,,,,,,,,,,,定期报告,是,20040730,CNY,合并期末,2020-03-13T16:00:40
20030331,316707931.38,316117107.14,,,,,,303378667.6,261510941.18,,,,,,,,,1635656.64,,4665632.62,30535983.08,5030454.08,,,-193053.29,,,,,,,,,,,,590824.24,,13136210.49,218050.92,,46314.34,,13307947.07,4420402.76,,8887544.31,,,8974757.11,,-87212.8,,,,,,,,,,,,,,,,,,,,,,,,,定期报告,未审计,20040415,CNY,合并期末,2020-03-13T16:00:40
20021231,1453076337.11,1449636058.1,,,,,,1339072226.03,1137188448.43,,,,,,,,,12224411.1,,20580470.49,145666682.7,23412213.31,,,-144600.0,,,,,,,,,,,,3440279.01,,113859511.08,871302.18,,3555291.76,,111175521.5,51988492.78,,59187028.72,,,58568877.39,,618151.33,,,,,,,,,,,,,,,,,,,,,,,,,定期报告,是,20040130,CNY,合并期末,2020-03-13T16:00:40
20020930,1039421372.32,1037011491.63,,,,,,955030725.24,811157862.54,,,,,,,,,8087576.79,,18566744.33,94615690.57,22602851.01,,,114175.79,,,,,,,,,,,,2409880.69,,84504822.87,717386.53,,2946767.21,,82275442.19,12341316.33,,69934125.86,,,69925175.43,,8950.43,,,,,,,,,,,,,,,,,,,,,,,,,定期报告,未审计,20031023,CNY,合并期末,2020-03-13T16:00:40
20020630,776048959.02,773959523.09,,,,,,718763384.72,608873274.34,,,,,,,,,4520149.05,,14140905.68,73634896.24,17594159.41,,,-266228.47,,,,,,,,,,,,2089435.93,,57019345.83,532494.41,,2463043.18,,55088797.06,11046217.98,,44042579.08,,,44054778.42,,-12199.34,,,,,,,,,,,,,,,,,,,,,,,,,定期报告,是,20030822,CNY,合并期末,2020-03-13T16:00:40
20020331,403375635.01,402674639.35,,,,,,378494152.41,325945773.34,,,,,,,,,2182284.24,,7244234.4,34453852.52,8668007.91,,,,,,,,,,,,,,,700995.66,,24881482.6,286661.6,,970340.85,,24197803.35,7985275.11,,16212528.24,,,16212528.24,,,,,,,,,,,,,,,,,,,,,,,,,,,定期报告,未审计,20020420,CNY,合并期末,2020-03-13T16:00:40
20011231,958668979.25,957320894.5,,,,,,901225898.91,753518301.99,,,,,,,,,9268738.64,,7508271.42,105434176.25,25496410.61,,,1275777.98,,,,,,,,,,,,1348084.75,,58718858.32,696336.58,,4607389.74,,54807805.16,7467173.05,,47340632.11,,,47340632.11,,,,,,,,,,,,,,,,,,,,,,,,,,,定期报告,是,20020330,CNY,合并期末,2020-03-13T16:00:40
20010630,501207342.89,500733396.06,,,,,,463073524.04,384810481.73,,,,,,,,,4809138.09,,6481460.08,50820818.81,16151625.33,,,322078.99,,,,,,,,,,,,473946.83,,38455897.84,193296.62,,304685.34,,38344509.12,5850839.37,,32493669.75,,,32493669.75,,,,,,,,,,,,,,,,,,,,,,,,,,,定期报告,是,20020819,CNY,合并期末,2020-03-13T16:00:40
20001231,939556805.39,938049949.58,,,,,,868959337.75,740313694.52,,,,,,,,,8840603.1,,23273018.23,80789611.47,15742410.43,,,369222.72,,,,,,,,,,,,1506855.81,,70966690.36,994937.01,,4554336.54,,67407290.83,15512118.9,,51895171.93,,,51895171.93,,,,,,,,,,,,,,,,,,,,,,,,,,,其他,是,20020330,CNY,合并期末,2020-03-13T16:00:40
20000630,464092847.18,463453271.97,,,,,,441308089.38,377813970.78,,,,,,,,,3770071.68,,12680877.31,37810942.43,9232227.18,,,,,,,,,,,,,,,639575.21,,22784757.8,456997.4,,883087.95,,22358667.25,7378360.19,,14980307.06,,,14980307.06,,,,,,,,,,,,,,,,,,,,,,,,,,,其他,是,20000804,CNY,合并期末,2020-03-13T16:00:40
19991231,906384728.49,905970928.96,,,,,,901778958.08,785510535.4,,,,,,,,,8734418.85,,13258348.71,69869932.39,24405722.73,,,,,,,,,,,54535567.52,,,,413799.53,,59141337.93,6184083.69,,2200764.03,,63124657.59,20050997.72,,43073659.87,,,43073659.87,,,,,,,,,,,,,,,,,,,,,,,,,,,其他,是,20000317,CNY,合并期末,2020-03-13T16:00:40
19990630,348873638.38,347976319.56,,,,,,336721853.24,291422910.57,,,,,,,,,1689293.89,,8985519.96,22803343.49,11820785.33,,,,,,,,,,,21236578.1,,,,897318.82,,33388363.24,4316426.55,,,,37704789.79,10649190.29,,27055599.5,,,27055599.5,,,,,,,,,,,,,,,,,,,,,,,,,,,其他,未审计,19990812,CNY,合并期末,2020-03-13T16:00:40
19981231,999409459.5,999409459.5,,,,,,978222412.15,862645280.8,,,,,,,,,9784238.16,,12040468.47,58153474.3,35598950.42,,,,,,,,,,,42343657.99,,,,,,63530705.34,,,,,63530705.34,14104002.3,,49426703.04,,,49426703.04,,,,,,,,,,,,,,,,,,,,,,,,,,,其他,是,19990325,CNY,合并期末,2020-03-13T16:00:40
19971231,789323296.13,789323296.13,,,,,,758778294.1,658482195.97,,,,,,,,,7357830.09,,11937340.13,49492846.71,31508081.2,,,,,,,,,,,,,,,,,30545002.03,,,,,30545002.03,,,30545002.03,,,30545002.03,,,,,,,,,,,,,,,,,,,,,,,,,,,其他,是,19990525,CNY,合并期末,2020-03-13T16:00:40
19961231,935194857.64,935194857.64,,,,,,897401223.19,789076736.72,,,,,,,,,7079903.13,,16626243.5,47499325.64,37119014.2,,,,,,,,,,,,,,,,,37793634.45,,,,,37793634.45,8911780.36,,28881854.09,,,28881854.09,,,,,,,,,,,,,,,,,,,,,,,,,,,其他,是,19990525,CNY,合并期末,2020-03-13T16:00:40
