报告日,营业总收入,营业收入,利息收入,已赚保费,手续费及佣金收入,房地产销售收入,其他业务收入,营业总成本,营业成本,手续费及佣金支出,房地产销售成本,退保金,赔付支出净额,提取保险合同准备金净额,保单红利支出,分保费用,其他业务成本,营业税金及附加,研发费用,销售费用,管理费用,财务费用,利息费用,利息支出,投资收益,对联营企业和合营企业的投资收益,以摊余成本计量的金融资产终止确认产生的收益,汇兑收益,净敞口套期收益,公允价值变动收益,期货损益,托管收益,补贴收入,其他收益,资产减值损失,信用减值损失,其他业务利润,资产处置收益,营业利润,营业外收入,非流动资产处置利得,营业外支出,非流动资产处置损失,利润总额,所得税费用,未确认投资损失,净利润,持续经营净利润,终止经营净利润,归属于母公司所有者的净利润,被合并方在合并前实现净利润,少数股东损益,其他综合收益,归属于母公司所有者的其他综合收益,（一）以后不能重分类进损益的其他综合收益,重新计量设定受益计划变动额,权益法下不能转损益的其他综合收益,其他权益工具投资公允价值变动,企业自身信用风险公允价值变动,（二）以后将重分类进损益的其他综合收益,权益法下可转损益的其他综合收益,可供出售金融资产公允价值变动损益,其他债权投资公允价值变动,金融资产重分类计入其他综合收益的金额,其他债权投资信用减值准备,持有至到期投资重分类为可供出售金融资产损益,现金流量套期储备,现金流量套期损益的有效部分,外币财务报表折算差额,其他,归属于少数股东的其他综合收益,综合收益总额,归属于母公司所有者的综合收益总额,归属于少数股东的综合收益总额,基本每股收益,稀释每股收益,数据源,是否审计,公告日期,币种,类型,更新日期
20260331,27810630596.41,27685412585.43,116547692.75,,8670318.23,,,28790585423.25,25297623090.5,2920487.88,,,,,,,,495838118.78,78050482.16,319613632.57,1200841116.36,1369605015.9,1404998293.68,26093479.1,1209552258.24,-4486158.51,-189179.94,8541921.92,,-6234071.57,,,,15873357.19,-20828271.53,5171374.63,,-1384421.56,230737320.48,76357222.04,,297918012.84,,9176529.68,125448911.12,,-116272381.44,-116272381.44,,204192515.83,,-320464897.27,307019448.76,306688049.7,0.0,,,,,306688049.7,,,,,,,,,306688049.7,,331399.06,190747067.32,510880565.53,-320133498.21,0.01,0.01,定期报告,未审计,20260429,CNY,合并期末,2026-04-28T22:18:03
20251231,180506720291.83,180087092258.56,393230279.04,,26397754.23,,,194487672962.53,172588536482.05,10725799.39,,,,,,,,3966732238.2,852661640.91,2375470824.6,6037076094.68,8571788423.1,8455005651.51,84681459.6,617391339.46,-408197296.37,-7566703.34,67970074.04,,-351830255.82,,,,747415482.35,-8538813281.02,-5434709940.08,,63839712.94,-26809689538.83,220074077.69,,3164011578.03,,-29753627039.17,2714477155.23,,-32468104194.4,-32468104194.4,,-26212737206.47,,-6255366987.93,1466964525.87,1410065134.29,-113283186.76,,-112237139.05,-1046047.71,,1523348321.05,-7585316.06,,-51717.33,,850972552.21,,,,680012802.23,,56899391.58,-31001139668.53,-24802672072.18,-6198467596.35,-1.87,-1.87,定期报告,是,20260429,CNY,合并期末,2026-04-28T22:18:03
20250930,127998466935.37,127697167839.49,283207066.6,,18092029.28,,,132149885790.83,117619549967.44,8026279.51,,,,,,,,2526787575.45,672031416.16,1475390279.82,4160124639.32,5628109441.01,5931142907.36,59866192.12,-314633836.87,-191004227.24,-8387257.78,55673317.73,,178114185.95,,,,80496335.63,-1537015257.28,-782008559.52,,-7944167.55,-6478736837.37,92440619.09,,1092744370.83,,-7479040589.11,506760431.95,,-7985801021.06,-7985801021.06,,-6689798260.2,,-1296002760.86,162689161.8,152062657.06,-16731278.45,,,-16731278.45,,168793935.51,17091243.1,,-516970.86,,,,,,152219663.27,,10626504.74,-7823111859.26,-6537735603.14,-1285376256.12,-0.48,-0.48,定期报告,未审计,20251031,CNY,合并期末,2025-10-30T17:12:06
20250630,94689294987.22,94495628041.54,183739955.66,,9926990.02,,,96644209043.53,86808110395.79,5028097.06,,,,,,,,1987514952.28,428606150.01,959046007.07,2724887289.88,3693079197.96,3668379051.74,37936953.48,-161295809.33,-85568387.86,-7721818.86,40681613.98,,113739940.24,,,,69282390.38,-954459333.02,-72740050.2,,-5189162.79,-2924894467.05,40521042.41,,702270727.01,,-3586644151.65,451467077.3,,-4038111228.95,-4038111228.95,,-3506318898.87,,-531792330.08,112050840.72,96960055.49,-3869.75,,-7355.41,3485.66,,96963925.24,2841418.45,,,,,,,,94122506.79,,15090785.23,-3926060388.23,-3409358843.38,-516701544.85,-0.25,-0.25,定期报告,未审计,20250827,CNY,合并期末,2025-08-26T20:58:05
20250331,35686750019.35,35597979193.59,83996641.65,,4774184.1,,,35994176319.2,32172616527.39,2615764.41,,,,,,,,195188893.41,152289267.14,469401150.51,1395269141.99,1589832759.49,1649249217.19,16962814.86,-47752922.71,-13018878.72,-394179.11,20232847.67,,56377666.27,,,,37827819.75,-7459828.44,1509616.31,,-735539.41,-247426640.41,40343648.75,,197585705.62,,-404668697.28,97604112.17,,-502272809.45,-502272809.45,,-247164302.88,,-255108506.57,-160891066.47,-164086462.71,57167808.35,,,57167808.35,,-221254271.06,-183184.89,,,,,,,,-221071086.17,,3195396.24,-663163875.92,-411250765.59,-251913110.33,-0.02,-0.02,定期报告,未审计,20260429,CNY,合并期末,2025-04-28T22:18:11
20241231,240908079342.04,240639734873.02,256112129.88,,12232339.14,,,244299644012.13,218788163956.79,6585986.38,,,,,,,,5294610556.93,1195452508.05,3040524240.97,7306614618.7,8618645607.44,8782483036.01,49046536.87,-1758202838.25,119854424.59,-18679699.75,48435476.57,,-66267966.22,,,,444722093.81,-6290943631.11,-2217778948.11,,-36250648.89,-13267851132.29,561736181.18,,3183409750.19,,-15889524701.3,3847206090.69,,-19736730791.99,-19736730791.99,,-15552008807.63,,-4184721984.36,-365571311.37,-352592555.19,-6329289.39,,,-6329289.39,,-346263265.8,-6481510.09,,108463.14,,,,,,-339890218.85,,-12978756.18,-20102302103.36,-15904601362.82,-4197700740.54,-1.11,-1.11,定期报告,是,20260429,CNY,合并期末,2025-04-28T22:24:07
20240930,160127304934.52,159949009784.51,171136634.43,,7158515.58,,,159232229926.92,142685896896.17,4287569.29,,,,,,,,2839934844.1,811939045.83,2222299061.66,5176177522.67,5458998747.64,5597927195.6,32696239.56,419686229.36,505658856.03,-14500208.95,33086578.51,,726815864.08,,,,204368416.01,-246990980.94,-97289400.2,,7955341.11,1942707055.53,238684523.11,,1177653064.32,,1003738514.32,710901087.76,,292837426.56,292837426.56,,236607741.06,,56229685.5,409546808.25,378837380.23,216651508.9,,-730848.05,217382356.95,,162185871.33,-183184.89,,-129003063.52,,,,,,291372119.74,,30709428.02,702384234.81,615445121.29,86939113.52,0.02,0.02,定期报告,未审计,20251031,CNY,合并期末,2024-10-28T20:32:03
20240630,115432900114.54,115326639234.16,102780918.38,,3479962.0,,,114304761817.13,102633121115.57,2477051.49,,,,,,,,2363492147.99,504735741.6,1624387031.36,3426112551.1,3731834787.51,3825158987.18,18601390.51,66683881.91,115788137.13,-41024409.6,17281091.86,,409726575.16,,,,119030176.05,-150494986.67,79109359.19,,568036.56,1670042431.47,181787580.56,,872240072.91,,979589939.12,677650220.31,,301939718.81,301939718.81,,209657324.52,,92282394.29,-117202365.05,-116536123.88,4504618.69,,,4504618.69,,-121040742.57,,,,,,,,,-121040742.57,,-666241.17,184737353.76,93121200.64,91616153.12,0.01,0.01,定期报告,未审计,20250827,CNY,合并期末,2024-08-26T17:52:03
20240331,51611565783.36,51567755124.46,42626874.02,,1183784.88,,,51554200450.82,46238450369.46,436606.51,,,,,,,,810542043.93,201394527.5,742394771.96,1785902315.71,1765586779.77,1829942454.51,9493035.98,554256506.95,102090178.79,422062314.9,4157739.88,,82065426.38,,,,34617391.28,-38310589.81,62278152.67,,-5044895.67,751385064.22,94599001.57,,341684150.36,,504299915.43,376199415.2,,128100500.23,128100500.23,,82032393.66,,46068106.57,43590074.85,49829607.6,36925333.48,,,36925333.48,,12904274.12,-183184.89,,,,,,,,13087459.01,,-6239532.75,171690575.08,131862001.26,39828573.82,0.01,0.01,定期报告,未审计,20250429,CNY,合并期末,2024-04-29T20:37:23
20231231,360312175286.7,360245015714.79004,66535276.35,,624295.56,,,351175869672.69,320319752380.44,644225.63,,,,,,,,7345907371.18,1443483471.24,5022815817.28,9483387826.01,7545705693.44,8275044257.44,14172887.47,1918656876.64,285041921.79,-2639923.81,308291.45,,210763913.63,,,,334760206.93,-13772413971.69,-1250231640.0,,161907108.26,-3259943600.77,434324310.88,,3337159934.71,,-6162779224.6,4961270289.37,,-11124049513.97,-11124049513.97,,-9556018590.08,,-1568030923.89,-761360917.55,-766944216.99,-108161133.62,,-12383382.86,-95777750.76,,-658783083.37,-3798225.91,,-11063678.68,,42656458.6,,,,-686577637.38,,5583299.44,-11885410431.52,-10322962807.07,-1562447624.45,-0.68,-0.68,定期报告,是,20250429,CNY,合并期末,2024-04-29T20:42:03
20230930,253659150884.53,253621004505.03003,37761213.31,,385166.19,,,248475234599.8,227895259625.56,290960.19,,,,,,,,4327463875.62,1070578320.44,3319276967.61,6476939248.99,5379389061.71,5330079028.04,6036539.68,1441845003.17,64665615.02,-29566904.8,733198.3,,160102195.33,,,,208839594.53,369336434.17,56000317.37,,113706558.73,7534479586.33,101264411.42,,1325026799.62,,6310717198.13,3066806120.69,,3243911077.44,3243911077.44,,2463474651.24,,780436426.2,-144699856.82,-135951093.57,38575483.39,-15144.05,,38590627.44,,-174526576.96,-1032524.94,,-166553425.24,,,,,,-6940626.78,,-8748763.25,3099211220.62,2327523557.67,771687662.95,0.18,0.18,定期报告,未审计,20241029,CNY,合并期末,2023-10-27T20:07:22
20230630,174217755891.4,174196656216.34,19802261.26,,1297413.81,,,169361728531.88998,155909774715.96,122384.52,,,,,,,,2688606961.52,671502677.49,2185971072.75,4309598794.51,3593862405.81,3591501983.44,2289519.33,1459448769.48,53691547.17,-23327506.59,614224.63,,105697343.98,,,,136303318.1,121649874.39,10963915.84,,112634130.93,6803338936.86,155774335.29,,817106504.32,,6142006767.83,2363717787.67,,3778288980.16,3778288980.16,,2609964404.74,,1168324575.42,-343105171.48,-334148268.55,3963344.93,,,3963344.93,,-338111613.48,,,,,,,,,-338111613.48,,-8956902.93,3435183808.68,2275816136.19,1159367672.49,0.19,0.19,定期报告,未审计,20240827,CNY,合并期末,2023-08-28T19:32:03
20230331,78821232220.44,78806133048.97,13900628.29,,1198543.18,,,76777405842.25,70485557969.33,181226.53,,,,,,,,1126149058.32,225371723.36,916466825.5,2227889225.44,1794508098.66,1796835850.95,1281715.11,1320456526.09,-19530779.13,-10990138.1,,,-125641349.71,,,,45491916.8,371092939.39,-2924461.55,,-56441628.72,3595860320.49,54050951.76,,337390927.22,,3312520345.03,917483521.17,,2395036823.86,2395036823.86,,1991090452.14,,403946371.72,200084009.45,106786079.63,36248368.81,-15144.05,,36263512.86,,70537710.82,-1000345.72,,-171628765.55,,,,,,243166822.09,,93297929.82,2595120833.31,2097876531.77,497244301.54,0.14,0.14,定期报告,未审计,20240430,CNY,合并期末,2024-04-29T20:37:23
20221231,435908718016.12,435519652368.95,385679429.78,,3386217.39,,,424995291847.59,389780272026.18,60314.36,,,,,,,,8902023968.7,1595686140.99,6281302676.05,11204426581.08,7228123622.78,7288980396.21,3396517.45,3080604361.2,1298577897.09,-3096062.11,-839709.99,,-520731015.65,,,,447148675.95,-3261989029.29,-537281976.09,,21034519.6,10141371994.26,889667318.81,,2230413184.04,,8800626129.03,4181157837.21,,4619468291.82,4619468291.82,,1028590420.91,,3590877870.91,-390042977.74,-552630824.92,27555465.15,,33717702.38,-6162237.23,,-580186290.07,-21015971.13,,686565.09,,39654.41,,,,-559896538.44,,162587847.18,4229425314.08,475959595.99,3753465718.09,0.07,0.07,定期报告,是,20240430,CNY,合并期末,2023-04-28T18:27:10
20220930,306052677259.68,305777341178.53,273791407.71,,1544673.44,,,293266701760.13,267310009067.87003,35930.94,,,,,,,,7204547954.05,895940491.79,5008972856.37,7542959306.35,5302967624.07,4990345737.69,1268528.69,1107531444.53,144348111.37,-44330711.38,,,-297698723.43,,,,179761617.98,249047425.41,-114609664.8,,227415949.2,14137423548.44,385652557.78,,1128599272.52,,13394476833.7,3578529620.72,,9815947212.98,9815947212.98,,6947777964.85,,2868169248.13,-1292361985.46,-1415079845.72,79365876.15,,,79365876.15,,-1494445721.87,181902.68,,,,,,,,-1494627624.55,,122717860.26,8523585227.52,5532698119.13,2990887108.39,0.49,0.49,定期报告,未审计,20231028,CNY,合并期末,2022-10-24T21:17:04
20220630,204736103531.94,204550358387.54,184815568.21,,929576.19,,,196069749081.98,178456364673.44,14028.6,,,,,,,,5620259003.14,551619788.59,3283198020.4,5042658049.16,3115128545.44,3093838296.64,506973.21,386481868.92,61324845.76,-38964802.05,,,55048218.53,,,,116664421.11,101818993.09,88207479.91,,11379689.24,9425955120.76,252778206.95,,579381583.38,,9099351744.33,2796090902.28,,6303260842.05,6303260842.05,,4200919763.57,,2102341078.48,-381942727.54,-384165521.4,10448750.32,,,10448750.32,,-394614271.72,,,,,,,,,-394614271.72,,2222793.86,5921318114.51,3816754242.17,2104563872.34,0.3,0.3,定期报告,未审计,20230829,CNY,合并期末,2022-08-22T17:42:06
20220331,96051371232.09,95948970920.3,101822416.51,,577895.28,,,92288441816.21,83725407536.97,7584.74,,,,,,,,2621950099.64,201083647.04,1687624302.53,2801959614.01,1250169559.61,1353701570.31,239471.67,57150195.83,34228839.96,-11900007.6,,,221496705.15,,,,43272228.06,48543488.69,93310747.29,,5352121.53,4232054902.43,69310685.64,,202153583.67,,4099212004.4,933968435.65,,3165243568.75,3165243568.75,,2547052240.02,,618191328.73,171909088.29,49684163.49,19946885.56,,,19946885.56,,29737277.93,-182454.24,,-2424456.33,,,,,,32344188.5,,122224924.8,3337152657.04,2596736403.51,740416253.53,0.18,0.18,定期报告,未审计,20230429,CNY,合并期末,2022-04-29T20:02:04
20211231,544755838869.3,544286361989.03,451136015.28,,18340864.99,,,522649486206.29,480743121902.27,32635.12,,,,,,,,9364979382.5,1740903902.66,9279269335.91,14438631262.38,7080960755.84,7081729626.61,1587029.61,4110546146.45,2793216063.21,-54978395.07,,,492239349.68,,,,509997129.75,-5244154365.63,-2802734210.21,,148240059.84,19320486772.89,926210265.24,,2313696150.45,,17933000887.68,8490192366.7,,9442808520.98,9442808520.98,,6179032653.9,,3263775867.08,81628000.38,229244456.78,-91959497.17,,-16510003.36,-75449493.81,,321203953.95,-1396315.86,,136483621.82,,,,,,186116647.99,,-147616456.4,9524436521.36,6408277110.68,3116159410.68,0.44,0.44,定期报告,是,20230429,CNY,合并期末,2022-04-29T20:02:04
20210930,427117355582.54,426766813865.71,338136358.82,,12405358.01,,,407714359588.8,377532997273.51,25334.44,,,,,,,,7832143084.39,1432360939.34,6789235944.16,10465482642.19,3661035024.12,3837078816.81,1079346.65,198497133.69,333693340.2,-30680395.97,,,2197961771.89,,,,339168923.35,-91185419.93,155877570.72,,180687225.19,22384003198.65,450829840.98,,1257515333.94,,21577317705.69,6437306137.34,,15140011568.35,15140011568.35,,11164622805.62,,3975388762.73,204105375.92,64144876.57,-16220204.08,,,-16220204.08,,80365080.65,1379816.92,,28702133.05,,,,,,50283130.68,,139960499.35,15344116944.27,11228767682.19,4115349262.08,0.79,0.79,定期报告,未审计,20221025,CNY,合并期末,2021-10-25T17:02:04
20210630,282926461812.19,282695970868.09,220267676.35,,10223267.75,,,269813417112.94,249171377779.32,18882.84,,,,,,,,5507593678.06,812090432.99,4417606423.7,7017105798.65,2886883117.39,3072646126.56,740999.99,1150737578.47,228407731.23,-47306607.76,,,1706729601.28,,,,243039442.02,37474323.49,-4082464.76,,4146646.99,16251089826.74,284870447.99,,746405372.77,,15789554901.96,4798118115.25,,10991436786.71,10991436786.71,,8233391738.05,,2758045048.66,131459719.75,136497587.49,27950635.94,,,27950635.94,,108546951.55,-3463611.63,,893733.33,,,,,,111116829.85,,-5037867.74,11122896506.46,8369889325.54,2753007180.92,0.59,0.59,定期报告,未审计,20220823,CNY,合并期末,2021-08-23T17:47:04
20210331,132695896100.82,132591146635.49,101052919.01,,3696546.32,,,126315544145.93,115523660081.35,13525.7,,,,,,,,2938230696.02,306246242.18,2140228963.78,3820137850.63,1586684452.94,1583974389.29,342333.33,38969310.89,39302710.25,,,,707302952.51,,,,78959683.42,52245746.21,35080327.78,,580914.03,7293490889.73,88600194.06,,297277919.34,,7084813164.45,2268815607.98,,4815997556.47,4815997556.47,,3933314240.63,,882683315.84,181811065.83,181885663.38,288977182.29,,,288977182.29,,-107091518.91,17377311.93,,,,,,-3673936.05,,-120794894.79,,-74597.55,4997808622.3,4115199904.01,882608718.29,0.31,0.31,定期报告,未审计,20220430,CNY,合并期末,2021-04-26T17:57:04
20201231,456061993595.4,455753123320.2,305048793.34,,3821481.86,,,427250493351.91,390071159077.65,20894.58,,,,,,,,11665408908.91,1182333389.94,8181712746.61,11674486992.69,4473019785.92,6099517753.55,2351555.61,4773174034.82,2847400101.16,-3927322.18,,,2061332365.64,,,,388135696.22,-3376084643.32,-1046593059.64,,24631946.68,31636096583.89,921325394.64,,1867635846.65,,30689786131.88,9554126605.91,,21135659525.97,21135659525.97,,14997774444.48,,6137885081.49,769861611.51,864382899.5,-59153194.3,,8869423.6,-68022617.9,,923536093.8,17176826.44,,171548235.21,,,,,,734811032.15,,-94521287.99,21905521137.48,15862157343.98,6043363793.5,1.17,1.17,定期报告,是,20220430,CNY,合并期末,2021-04-26T17:27:03
20200930,321112005460.01,320901355738.44,208318560.45,,2331161.12,,,300831193096.15,275536456706.57,18034.67,,,,,,,,7582691065.09,788773099.23,5589335829.41,7810115348.22,3522066790.64,4042637708.24,1736222.32,1916546135.6,472595449.53,,,,1257534561.13,,,,89307614.34,-221471793.85,-43621398.98,,-13897648.3,23265209833.8,575216386.51,,1005964571.48,,22834461648.83,6138763746.74,,16695697902.09,16695697902.09,,12041354633.38,,4654343268.71,-393722925.41,-394292301.67,57912427.72,,,57912427.72,,-452204729.39,42464.28,,,,,,,,-452247193.67,,569376.26,16301974976.68,11647062331.71,4654912644.97,0.94,0.94,定期报告,未审计,20211026,CNY,合并期末,2020-10-26T16:57:03
20200630,209976366145.97,209843341428.87003,131343229.45,,1681487.65,,,196590675100.28,178588633355.87003,15255.43,,,,,,,,5947545615.52,364427832.48,3407647192.64,5125215865.65,3156234482.65,3058864922.83,955500.04,929358595.83,258458280.51,,,,1473419169.73,,,,60611125.01,-173306614.15,-21776083.59,,-696642.17,15653300596.35,222560673.05,,589222026.81,,15286639242.59,4483586462.62,,10803052779.97,10803052779.97,,8019611576.75,,2783441203.22,-1351094895.84,-1347065631.88,8915170.51,,,8915170.51,,-1355980802.39,3115068.21,,,,,,,,-1359095870.6,,-4029263.96,9451957884.13,6672545944.87,2779411939.26,0.63,0.63,定期报告,未审计,20210824,CNY,合并期末,2020-08-24T16:32:03
20200331,79653505963.62,79593727367.37,59269256.62,0.0,509339.63,,,74089935642.92,66433317664.64,11196.29,,,,,,,,1910447928.83,80364965.73,1663036753.05,2750796755.42,1251434601.23,1252896935.94,525777.73,145406021.74,31159986.97,,-897787.42,,744304632.49,,,,29053419.89,9775430.92,-9862322.03,,-232214.98,6481117501.31,107798945.64,,196722563.21,,6392193883.74,1891832031.2,,4500361852.54,4500361852.54,,3663585405.91,,836776446.63,-247007872.02,-239062923.15,-7759296.88,,,-7759296.88,,-231303626.27,,,,,,,,,,-231303626.27,-7944948.87,4253353980.52,3424522482.76,828831497.76,0.3,0.3,定期报告,未审计,20210427,CNY,合并期末,2020-04-27T17:22:02
20191231,428082628084.53,427822706143.58,249011758.59,,10910182.36,,,402470184211.69,361662154062.57,22083.88,,,,,,,,14804373633.13,1012828336.84,8449433749.11,11105846153.56,5430829630.16,5162771047.36,4696562.44,8863820706.36,1952997536.28,,,,2235987900.04,,,,315502978.0,-3002392984.76,-2349494213.17,,-14862956.05,31661005303.26,863521646.56,,1931880757.85,,30592646191.97,9642536623.13,,20950109568.84,20950109568.84,,14743013139.84,,6207096429.0,-992951028.99,-1019419960.46,-376362948.0,,,-376362948.0,,-643057012.46,-3587534.47,,-159867362.21,,,,,,-479602115.78,,26468931.47,19957158539.85,13723593179.38,6233565360.47,1.21,1.21,定期报告,是,20210427,CNY,合并期末,2020-04-27T19:17:04
20190930,294218027103.08,294021423539.2,186836062.14,,9767501.74,,,276481478881.28,251753210050.86,17475.31,,,,,,,,7772782336.4,522874555.85,4225434217.21,8246276014.5,3957102043.63,3663471962.87,3782187.52,3712072086.36,1145134877.78,,-53535.74,,1755089928.72,,,,23346682.32,-281299689.56,-54964678.03,,-25426584.46,22865312431.41,539456374.75,,1126380633.32,,22278388172.84,6584708663.33,,15693679509.51,15693679509.51,,11812660964.28,,3881018545.23,-1159584502.03,-1158395743.51,-49883543.88,,,-49883543.88,,-1108512199.63,-582837.13,,,,,,,,-1107929362.5,,-1188758.52,14534095007.48,10654265220.77,3879829786.71,0.97,0.97,定期报告,未审计,20201027,CNY,合并期末,2020-03-13T16:00:40
20190630,201586896109.01,201445848660.55,132256176.46,,8791272.0,,,187509465875.29,170964644071.16998,14264.62,,,,,,,,5408515449.36,270888035.56,2995021020.08,5516779940.76,2351095489.56,2496748887.36,2507604.18,1582107930.68,1164848860.68,,10086.9,,1299557317.32,,,,9866930.15,-1470067.02,-44662996.9,,2242357.35,16925081792.2,152967807.98,,526853600.44,,16551195999.74,5212773215.04,,11338422784.7,11338422784.7,,8987209197.03,,2351213587.67,-678744980.73,-679132356.11,-27478125.0,,,-27478125.0,,-651654231.11,-21366237.87,,,,,,,,-630287993.24,,387375.38,10659677803.97,8308076840.92,2351600963.05,0.74,0.74,定期报告,未审计,20200825,CNY,合并期末,2020-03-13T16:00:40
20190331,90469240275.5,90384677432.1,77936252.05,,6626591.35,,,83541566084.94,76645616410.72,9909.98,,,,,,,,1674370026.33,17043779.93,1525813698.95,3072113975.06,605351408.96,979426332.42,1246875.01,338538276.01,17699729.02,,,,1151101840.12,,,,2364748.6,-48430507.42,,,320350.26,8371568898.13,67237345.53,,250865689.97,,8187940553.69,2420175476.93,,5767765076.76,5767765076.76,,4407421317.41,,1360343759.35,57272557.84,57343961.25,-19706917.42,,,-19706917.42,,77050878.67,,,,,,,,,77050878.67,,-71403.41,5825037634.6,4464765278.66,1360272355.94,0.36,0.36,定期报告,未审计,20200428,CNY,合并期末,2020-03-13T16:00:40
20181231,348732404180.8,348426457458.58,298604140.55,,7342581.67,,,325483421721.44,294933518510.56,34307.7,,,,,,,,9653843040.04,62217199.7,7398256077.65,9389953246.53,4032016568.4,3305495626.14,13582770.86,2982747703.44,985927006.72,,,,-278232162.01,,,,71083459.99,-1256546795.5,,,-87951273.06,24680083392.22,817047560.98,,1227746813.46,,24269384139.74,8246075651.65,,16023308488.09,16023308488.09,,11374784738.83,,4648523749.26,-1512250248.96,-1530902567.42,,,,,,-1530902567.42,8787077.09,-253482406.27,,,,,,,-1286207238.24,,18652318.46,14511058239.13,9843882171.41,4667176067.72,0.93,0.93,定期报告,是,20200428,CNY,合并期末,2020-03-13T16:00:40
20180930,233325426155.21,233044703961.77,274796357.41,,5925836.03,,,218569736952.16,198194044205.31003,25045.21,,,,,,,,5893142048.98,,5226573911.18,6804147872.35,2439971462.86,2099162374.82,11832406.27,2531613076.29,360170023.46,,,,-816650769.75,,,,2485731.14,-81113769.65,,,590914.4,16392614385.48,635446175.01,,756935924.51,,16271124635.98,4798011487.44,,11473113148.54,11473113148.54,,8893304820.33,,2579808328.21,-1591719879.38,-1596439234.34,,,,,,-1596439234.34,-2737871.09,-421377038.78,,,,,,,-1172324324.47,,4719354.96,9881393269.16,7296865585.99,2584527683.17,0.73,0.73,定期报告,未审计,20191025,CNY,合并期末,2020-03-13T16:00:40
20180630,158056353505.64,157886830682.47,165982757.57,,3540065.6,,,147618103344.09,134393310871.4,18596.12,,,,,,,,3696091674.66,,3281929439.59,4465235588.18,1773268476.21,1342063605.29,8248697.93,2180350110.24,340729329.53,,,,-644111017.49,,,,2017589.83,-95093397.42,,,-133185.44,11881280261.27,277870932.38,,512613739.93,,11646537453.72,3350265274.91,,8296272178.81,8296272178.81,,6056017673.23,,2240254505.58,-880879401.9,-899562852.88,,,,,,-899562852.88,-4493898.9,-158799412.3,,,,,,,-736269541.68,,18683450.98,7415392776.91,5156454820.35,2258937956.56,0.5,0.5,定期报告,未审计,20190827,CNY,合并期末,2020-03-13T16:00:40
20180331,74834300643.78,74751876696.65,81848098.08,,575849.05,,,70115788352.75,63876426173.61,9936.06,,,,,,,,2056249985.84,,1670473420.74,2258178050.77,344138249.09,686968577.41,4101562.51,509232936.39,116544919.38,,,,181126804.58,,,,2016608.86,,,,-41549.9,5410847090.96,152104495.19,,187559111.77,,5375392474.38,1275535379.2,,4099857095.18,4099857095.18,,3489977985.54,,609879109.64,59488791.02,59496071.43,,,,,,59496071.43,,-126027306.81,,,,,,,185523378.24,,-7280.41,4159345886.2,3549474056.97,609871829.23,0.29,0.29,定期报告,未审计,20190423,CNY,合并期末,2020-03-13T16:00:40
20171231,290418222831.72,290174152035.6,236377096.86,,7693699.26,,,274671796898.76,248551086513.2,23723.32,,,,,,,,9160806358.16,8757210.17,5966892689.11,7433245806.02,1560613730.09,3201732747.26,11781729.19,4287026828.42,1266549925.77,,,,-315586579.41,,,,38410705.73,,,,6176510.69,19762453398.39,615069293.62,,1116116964.16,,19261405727.85,5689282354.57,,13572123373.28,13572123373.28,,9037766488.39,,4534356884.89,364783724.02,396674783.81,,,,,,396674783.81,-8593878.17,-165109173.82,,,,,,,570377835.8,,-31891059.79,13936907097.3,9434441272.2,4502465825.1,0.74,0.74,定期报告,是,20190423,CNY,合并期末,2020-03-13T16:00:40
20170930,180592276620.06,180388761058.73,198017347.07,,5498214.26,,,170902402538.64,155283483852.88,18904.67,,,,,,,,4854151553.48,,4250916883.08,5230798181.5,1433148745.32,2573735247.78,5166433.67,2240858807.36,636462423.6,,,,-319370962.64,,,,,,,,,11611361926.14,358696572.2,3570738.8,550705284.24,4695578.3,11419353214.1,2894056132.5,,8525297081.6,8525297081.6,,6562632355.47,,1962664726.13,514511242.37,515065557.87,,,,,,515065557.87,-5151706.25,-32650662.49,,,,,,,552867926.61,,-554315.5,9039808323.97,7077697913.34,1962110410.63,0.54,0.54,定期报告,未审计,20181030,CNY,合并期末,2020-03-13T16:00:40
20170630,126118641290.27,125975573871.67,139001798.68,,4065619.92,,,118470117695.7,108014345552.01,14585.59,,,,,,,,3394667038.16,,2735638211.12,3451922380.22,966920458.29,,2191725.33,1487026706.55,188510928.9,,,,-620823083.63,,,,,,,,,8514727217.49,169676747.14,1423488.8,386573828.28,1519450.29,8297830136.35,2049629420.67,,6248200715.68,6248200715.68,,4657664440.31,,1590536275.37,196148663.39,196711392.01,,,,,,196711392.01,19710449.61,-20952203.37,,,,,,,197953145.77,,-562728.62,6444349379.07,4854375832.32,1589973546.75,0.38,0.38,定期报告,未审计,20180828,CNY,合并期末,2020-03-13T16:00:40
20170331,58848366962.97,58762775976.88,83116875.64,,2474110.45,,,55059410007.24,50041520499.27,9834.73,,,,,,,,1709009696.11,,1399235209.37,1771956325.31,131341008.66,,185714.91,158036076.34,1557045.36,,,,-59772775.71,,,,,,,,-387615.23,3886832641.13,89329536.27,750505.42,122912921.62,1138120.65,3853249255.78,842034739.32,,3011214516.46,3011214516.46,,2678320694.91,,332893821.55,179582221.41,179554425.73,,,,,,179554425.73,,6296955.1,,,,,,,173257470.63,,27795.68,3190796737.87,2857875120.64,332921617.23,0.22,0.22,定期报告,未审计,20180424,CNY,合并期末,2020-03-13T16:00:40
20161231,247400154864.34,247160217138.69,233662754.61,,6274971.04,,,237256775310.06,209806604608.8,27666.42,,,,,,,,12317296644.83,,4806836512.48,6070857774.0,2784378064.15,,11757797.64,5977187996.07,389144317.25,,,,-791815767.64,,,,,,,,-13645573.25,15315106209.46,697236946.99,33771033.54,1571995185.12,47416606.79,14440347971.33,5042987442.21,,9397360529.12,9397360529.12,,7207299216.95,,2190061312.17,-1293321054.11,-1337729452.18,,,,,,-1337729452.18,2027176.11,-496737818.64,,,,,,,-843018809.65,,44408398.07,8104039475.01,5869569764.77,2234469710.24,0.59,0.59,定期报告,是,20180424,CNY,合并期末,2020-03-13T16:00:40
20160930,150612909041.02,150426205448.44998,182024860.36,,4678732.21,,,143565181231.97,127154899706.04,91665.85,,,,,,,,6971738002.52,,3424352916.03,4690672025.7,1307640286.85,,8524495.93,2541656281.32,55760082.26,,,,-1039453476.36,,,,,,,,,8549930614.01,280227948.55,14121728.39,395846541.04,19378685.1,8434312021.52,2274791483.26,,6159520538.26,,,5919756957.94,,239763580.32,-545390636.99,-545574849.86,,,,,,-545574849.86,-2523182.05,-340471501.79,,,,,,,-202580166.02,,184212.87,5614129901.27,5374182108.08,239947793.19,0.49,0.49,定期报告,未审计,20171030,CNY,合并期末,2020-03-13T16:00:40
20160630,108149058205.83,108021036049.93,125140378.82,,2881777.08,,,103124578632.97,90929935600.65,13698.47,,,,,,,,5634342878.96,,2300931410.96,3163405692.73,1077961129.56,,5774912.23,2253853588.66,41037135.18,,,,-854690379.57,,,,,,,,,6423642781.95,166130952.1,827811.25,245353743.38,922063.76,6344419990.67,1561305152.41,,4783114838.26,,,4598724059.68,,184390778.58,-914737755.59,-914925149.43,,,,,,-914925149.43,-2307381.38,-677016877.27,,,,,,,-235600890.78,,187393.84,3868377082.67,3683798910.25,184578172.42,0.38,0.38,定期报告,未审计,20170829,CNY,合并期末,2020-03-13T16:00:40
20160331,48924547264.28,48861990489.0,61100100.28,,1456675.0,,,46866754255.7,41143067344.44,7060.47,,,,,,,,2668658481.04,,1142910429.19,1605853197.25,315786938.95,,2916235.15,728441879.32,559828.0,,,,415080868.83,,,,,,,,,3201315756.73,85718572.88,390427.48,100847958.83,3350099.88,3186186370.78,780539533.54,,2405646837.24,,,2251905866.16,,153740971.08,-695502688.74,-695727675.16,,,,,,-695727675.16,,-329409028.28,,,,,,,-366318646.88,,224986.42,1710144148.5,1556178191.0,153965957.5,0.19,0.19,定期报告,未审计,20170425,CNY,合并期末,2020-03-13T16:00:40
20151231,207533784901.64,207256594799.38,274688032.66,,2502069.6,,,203488747415.23,176673055996.43002,320864.6,,,,,,,,11069433221.62,,4950683264.27,5748749897.31,3168174883.57,,14539467.73,4472892472.49,509298759.7,,,,1666781858.6,,,,,,,,,10184711817.5,842652208.07,119778909.24,452083349.95,7790547.43,10575280675.62,3190508450.69,,7384772224.93,,,6886426698.71,,498345526.22,-263464531.71,-336938151.88,,,,,,-336938151.88,-870585.69,630978285.83,,,,,,,-967045852.02,,73473620.17,7121307693.22,6549488546.83,571819146.39,0.58,0.58,定期报告,是,20170425,CNY,合并期末,2020-03-13T16:00:40
20150930,136273477026.12,136068096067.76,195242907.54,,10138050.82,,,131931557578.53,116846566443.83,152866.49,,,,,,,,5800119172.1,,3332870889.68,3937815630.64,1847151169.69,,12150913.42,1422394571.93,-65178677.96,,,,850039730.29,,,,,,,,,6614353749.81,393277413.2,33175356.05,296921034.1,16024386.96,6710710128.91,1882918692.47,,4827791436.44,,,4943130334.58,,-115338898.14,957483042.34,957632670.08,,,,,,957632670.08,,1279912608.68,,,,,,,-322279938.6,,-149627.74,5785274478.78,5900763004.66,-115488525.88,0.41,0.41,定期报告,未审计,20161028,CNY,合并期末,2020-03-13T16:00:40
20150630,86123460741.15,85986555434.57,135380253.84,,1525052.74,,,83582103237.86,74033012774.1,146632.83,,,,,,,,3563117547.95,,2206215534.57,2551551067.7,1043419255.61,,8943585.18,1348570649.33,-37197404.67,,,,1360393292.15,,,,,,,,,5250321444.77,267496074.18,32453142.0,127101113.15,295120.99,5390716405.8,1455429606.16,,3935286799.64,,,3934533703.29,,753096.35,-13968402.55,-13921047.41,,,,,,-13921047.41,,174321692.44,,,,,,,-188242739.85,,-47355.14,3921318397.09,3920612655.88,705741.21,0.32,0.32,定期报告,未审计,20160816,CNY,合并期末,2020-03-13T16:00:40
20150331,38057819327.9,37985293974.09,71706709.7,,818644.11,,,37835730404.57,34136527314.97,143670.83,,,,,,,,1171830978.97,,948224764.88,1123794459.52,452995680.24,,5986691.95,1124976238.6,-1406419.21,,,,648262880.5,,,,,,,,,1995328042.43,43470781.37,313188.61,47279277.76,,1991519546.04,298156992.88,,1693362553.16,,,1799065987.33,,-105703434.17,-123978576.65,-123978576.65,,,,,,-123978576.65,,-9480522.05,,,,,,,-123978576.65,,,1569383976.51,1675087410.68,-105703434.17,0.15,0.15,定期报告,未审计,20160426,CNY,合并期末,2020-03-13T16:00:40
20141231,261955096451.13,261681697723.03003,271106152.05,,2292576.05,,,253091974272.06,228428856615.39,16237.64,,,,,,,,11220705759.77,,4906497847.0,4838610763.16,2622694828.27,,17752166.67,192036892.12,8678275.94,,,,131250588.22,,,,,,,,,9186409659.41,506178545.82,62163426.4,421600024.34,288035.11,9270988180.89,3870403381.25,,5400584799.64,,,5569793594.34,,-169208794.7,-366882106.56,-361100941.2,,,,,,-361100941.2,,91184596.6,,,,,,,-452285537.8,,-5781165.36,5033702693.08,5208692653.14,-174989960.06,0.5,0.5,定期报告,是,20160426,CNY,合并期末,2020-03-13T16:00:40
20140930,162417493754.64,162223138221.88998,193261024.61,,1094508.14,,,156920212579.09,143725519595.96,14129.84,,,,,,,,4983752924.84,,3202772916.02,3258693782.85,1656393102.62,,12867166.65,279954153.34,15890776.13,,,,-12829542.63,,,,,,,,,5764405786.26,326841597.01,7542045.37,242038323.57,3672538.46,5849209059.7,1677636125.95,,4171572933.75,,,4412627953.75,,-241055020.0,-39923493.34,-39923493.34,,,,,,-39923493.34,,,,,,,,,-39923493.34,,,4131649440.41,4372704460.41,-241055020.0,0.36,0.36,定期报告,未审计,20151027,CNY,合并期末,2020-03-13T16:00:40
20140630,117446456846.97,117320141479.05,125556832.5,,758535.42,,,112427227493.03,103387816422.78,9643.34,,,,,,,,3817469387.84,,2095531485.87,2108717042.79,926206728.68,,7730208.32,195885978.29,18224942.44,,,,-14756763.68,,,,,,,,,5200358568.55,197828679.77,2731774.79,146881706.41,2801798.36,5251305541.91,1179209379.35,,4072096162.56,,,4326391943.71,,-254295781.15,73345500.88,73345500.88,,,,,,73345500.88,,,,,,,,,73345500.88,,,4145441663.44,4399737444.59,-254295781.15,0.36,0.36,定期报告,未审计,20150825,CNY,合并期末,2020-03-13T16:00:40
20140331,40549505.26,40549505.26,,,,,,84119084.22,1753024.46,,,,,,,,,2256847.94,,31696165.46,18989291.96,29423742.16,,,25773874.73,11214979.65,,,,,,,,,,,,,-17795704.23,3916169.21,628931.38,321390.83,284578.86,-14200925.85,1354181.43,,-15555107.28,,,-14047793.83,,-1507313.45,-11884299.71,-11884299.71,,,,,,-11884299.71,,-11884299.71,,,,,,,,,,-27439406.99,-25932093.54,-1507313.45,-0.027,-0.027,定期报告,未审计,20150430,CNY,合并期末,2020-03-13T16:00:40
20131231,892419247.09,892419247.09,,,,,,886132378.84,404126264.13,,,,,,,,,115659710.16,,154804870.84,89025156.48,86364864.5,,,76471371.66,34894524.74,,,,,,,,,,,,,82758239.91,7492727.31,311880.91,1057225.95,145436.43,89193741.27,21019305.2,,68174436.07,,,69630661.54,,-1456225.47,-35077466.29,-35077466.29,,,,,,-35077466.29,,-35077466.29,,,,,,,,,,33096969.78,34553195.25,-1456225.47,0.13,0.13,定期报告,是,20150319,CNY,合并期末,2020-03-13T16:00:40
20130930,212763533.44,212763533.44,,,,,,274959573.27,22013996.98,,,,,,,,,13140936.74,,116438384.09,58453002.52,64840749.19,,,65799372.79,29168612.34,,,,,,,,,,,,,3603332.96,6979181.07,,499340.98,59788.79,10083173.05,8627393.5,,1455779.55,,,2651588.79,,-1195809.24,-15604983.35,,,,,,,,,,,,,,,,,,,-14149203.8,-12953394.56,-1195809.24,0.005,0.005,定期报告,未审计,20141025,CNY,合并期末,2020-03-13T16:00:40
20130630,156142443.66,156142443.66,,,,,,179548862.16,11110546.67,,,,,,,,,9932877.85,,77109186.01,39257028.47,42066793.21,,,56444357.26,29649157.57,,,,,,,,,,,,,33037938.76,2829038.43,,472982.03,58560.26,35393995.16,8997493.67,,26396501.49,,,27102774.66,,-706273.17,-21213024.25,,,,,,,,,,,,,,,,,,,5183477.24,5889750.41,-706273.17,0.05,0.05,定期报告,未审计,20140820,CNY,合并期末,2020-03-13T16:00:40
20130331,71237639.03,71237639.03,,,,,,91987515.81,7616767.31,,,,,,,,,4761535.62,,38018723.74,20200635.42,21390253.72,,,50391431.45,25759951.76,,,,,,,,,,,,,29641554.67,275876.81,,11268.06,1146.29,29906163.42,8942014.23,,20964149.19,,,21088425.37,,-124276.18,-5608040.89,,,,,,,,,,,,,,,,,,,15356108.3,15480384.48,-124276.18,0.041,0.041,定期报告,未审计,20140426,CNY,合并期末,2020-03-13T16:00:40
20121231,440257058.86,440257058.86,,,,,,466348213.81,111152414.3,,,,,,,,,31848978.51,,139615168.43,90550780.74,92282200.55,,,131795696.82,76687593.91,,,,,,,,,,,,,105704541.87,14947981.91,,684442.69,39865.05,119968081.09,14503488.9,,105464592.19,,,104960649.38,,503942.81,7123777.28,,,,,,,,,,,,,,,,,,,112588369.47,112084426.66,503942.81,0.2,0.2,定期报告,是,20140322,CNY,合并期末,2020-03-13T16:00:40
20120930,271830865.8,271830865.8,,,,,,331145311.89,85559829.62,,,,,,,,,5296781.15,,100416224.08,58935804.43,80624990.28,,,84345602.71,67799028.51,,,,,,,,,,,,,25031156.62,13499378.59,,572407.03,9544.41,37958128.18,10958145.22,,26999982.96,,,26788560.91,,211422.05,-14077713.03,,,,,,,,,,,,,,,,,,,12922269.93,12710847.88,211422.05,0.052,0.052,定期报告,未审计,20131026,CNY,合并期末,2020-03-13T16:00:40
20120630,205348630.74,205348630.74,,,,,,221831943.67,75294668.97,,,,,,,,,1428876.89,,60432357.6,36649103.63,47719245.53,,,65887098.03,49340523.83,,,,,,,,,,,,,49403785.1,10414749.15,,164075.69,8694.41,59654458.56,11218855.08,,48435603.48,,,48153572.52,,282030.96,-6410532.81,,,,,,,,,,,,,,,,,,,42025070.67,41743039.71,282030.96,0.09,0.09,定期报告,未审计,20130817,CNY,合并期末,2020-03-13T16:00:40
20120331,115805121.9,115805121.9,,,,,,112619224.86,33954233.17,,,,,,,,,10622501.5,,28278183.77,15488182.01,24207395.76,,,17715471.39,15036712.4,,,,,,,,,,,,,20901368.43,1826431.99,,60618.35,,22667182.07,6771581.14,,15895600.93,,,15667826.16,,227774.77,5043290.89,,,,,,,,,,,,,,,,,,,20938891.82,20711117.05,227774.77,0.03,0.03,定期报告,未审计,20130427,CNY,合并期末,2020-03-13T16:00:40
20111231,918538914.46,918538914.46,,,,,,858479013.69,435302621.21,,,,,,,,,88154431.51,,140045146.89,101005398.57,92553098.24,,,174951333.59,123091347.86,,,,,,,,,,,,,235011234.36,6692350.88,,930813.36,51716.99,240772771.88,36378604.52,,204394167.36,,,202386990.35,,2007177.01,-15591544.68,,,,,,,,,,,,,,,,,,,188802622.68,186795445.67,2007177.01,0.39,0.39,定期报告,是,20130413,CNY,合并期末,2020-03-13T16:00:40
20110930,460443503.41,460443503.41,,,,,,418360901.32,144014885.59,,,,,,,,,44569606.02,,108237923.67,68055250.94,53452201.6,,,92727724.59,90461035.04,,,,,,,,,,,,,134810326.68,6292930.16,,809520.29,43203.87,140293736.55,19557834.3,,120735902.25,,,120245410.03,,490492.22,-15591544.68,,,,,,,,,,,,,,,,,,,105144357.57,104653865.35,490492.22,0.232,0.232,定期报告,未审计,20121027,CNY,合并期末,2020-03-13T16:00:40
20110630,256294511.24,256294511.24,,,,,,235346677.06,62100573.09,,,,,,,,,21437768.7,,73198510.97,45831104.12,32751816.42,,,78336929.09,76816791.94,,,,,,,,,,,,,99284763.27,318430.95,,294202.52,30347.82,99308991.7,4710863.12,,94598128.58,,,93226898.6,,1371229.98,1541832.9,,,,,,,,,,,,,,,,,,,96139961.48,94768731.5,1371229.98,0.19,0.19,定期报告,未审计,20120810,CNY,合并期末,2020-03-13T16:00:40
20110331,112810565.39,112810565.39,,,,,,132470821.71,49875694.31,,,,,,,,,12631498.21,,32968153.53,22750111.01,14239716.58,,,49137672.27,49169409.84,,,,,,,,,,,,,29477415.95,305077.95,,221879.72,29791.63,29560614.18,4278552.1,,25282062.08,,,24060338.03,,1221724.05,5879100.15,,,,,,,,,,,,,,,,,,,31161162.23,29939438.18,1221724.05,0.049,0.049,定期报告,未审计,20120426,CNY,合并期末,2020-03-13T16:00:40
20101231,1359781552.22,1359781552.22,,,,,,1197538070.62,752563301.72,,,,,,,,,161650238.32,,149875039.11,89931332.68,43198265.37,,,140490123.09,94581767.39,,,,,,,,,,,,,302733604.69,5274739.05,,267732.4,31572.42,307740611.34,77683382.07,,230057229.27,,,225351705.88,,4705523.39,-90633084.3,,,,,,,,,,,,,,,,,,,139424144.97,134718621.58,4705523.39,0.46,0.46,定期报告,是,20120321,CNY,合并期末,2020-03-13T16:00:40
20100930,820024832.2,820024832.2,,,,,,747772146.1,467984020.74,,,,,,,,,75890200.78,,102812923.53,63286689.67,37031515.4,,,80138621.68,48222576.03,,,,,,,,,,,,,152391307.78,4196234.17,,239979.55,-144947.38,156347562.4,49669366.58,,106678195.82,,,104458306.73,,2219889.09,-81674455.5,,,,,,,,,,,,,,,,,,,25003740.32,22783851.23,2219889.09,0.212,0.212,定期报告,未审计,20111026,CNY,合并期末,2020-03-13T16:00:40
20100630,637557929.69,637557929.69,,,,,,558255670.49,369788059.53,,,,,,,,,59181571.89,,70463829.39,43027641.35,15027326.35,,,43876285.84,39615008.85,,,,,,,,,,,,,123178545.04,3730984.53,,214137.42,-98014.37,126695392.15,40978244.37,,85717147.78,,,84111291.41,,1605856.37,-75795355.35,,,,,,,,,,,,,,,,,,,9921792.43,8315936.06,1605856.37,0.17,0.17,定期报告,未审计,20110831,CNY,合并期末,2020-03-13T16:00:40
20100331,228762716.1,228762716.1,,,,,,205417164.21,114183976.44,,,,,,,,,20587981.94,,31956810.55,25491608.81,13230288.24,,,11387832.29,11025859.05,,,,,,,,,,,,,34733384.18,25851.25,,12957.42,,34746278.01,12367044.61,,22379233.4,,,21666033.99,,713199.41,-26048187.0,,,,,,,,,,,,,,,,,,,-3668953.6,-4382153.01,713199.41,0.05,0.05,定期报告,未审计,20110423,CNY,合并期末,2020-03-13T16:00:40
20091231,645376551.89,645376551.89,,,,,,481842142.18,230021057.84,,,,,,,,,57635474.85,,94470613.24,89331011.06,9535276.02,,,84111612.92,68078177.8,,,,,,,,,,,,,247646022.63,6618346.5,,254645.54,186851.14,254009723.59,47545523.86,,206464199.73,,,203249117.11,,3215082.62,109760635.99,,,,,,,,,,,,,,,,,,,316224835.72,313009753.1,3215082.62,0.47,0.47,定期报告,是,20110312,CNY,合并期末,2020-03-13T16:00:40
20090930,400195614.92,400195614.92,,,,,,323853354.0,146093740.79,,,,,,,,,23811844.69,,66597478.83,61395223.03,26208893.14,,,48861247.91,36179883.63,,,,,,,,,,,,,125203508.83,2663688.38,,229167.89,59491.89,127638029.32,32979859.69,,94658169.63,,,92499541.67,,2158627.96,84929653.99,,,,,,,,,,,,,,,,,,,179587823.62,177429195.66,2158627.96,0.215,0.215,定期报告,未审计,20101030,CNY,合并期末,2020-03-13T16:00:40
20090630,294407246.37,294407246.37,,,,,,226379346.89,108915098.75,,,,,,,,,17674187.23,,38094516.55,42079010.28,19869835.75,,,30707521.89,20307478.1,,,,,,,,,,,,,98735421.37,2482600.25,,159267.78,12839.57,101058753.84,26233522.21,,74825231.63,,,73759675.16,,1065556.47,101483641.99,,,,,,,,,,,,,,,,,,,176308873.62,175243317.15,1065556.47,0.17,0.17,定期报告,未审计,20100821,CNY,合并期末,2020-03-13T16:00:40
20090331,101350257.43,101350257.43,,,,,,80542491.52,25148524.95,,,,,,,,,5887516.67,,15379314.55,22720162.45,11310623.02,,,7569225.91,7569225.91,,,,,,,,,,,,,28376991.82,1075607.01,,31990.48,16230.48,29420608.35,9265063.16,,20155545.19,,,19901636.73,,253908.46,42662529.0,,,,,,,,,,,,,,,,,,,62818074.19,62564165.73,253908.46,0.051,0.051,定期报告,未审计,20100427,CNY,合并期末,2020-03-13T16:00:40
20081231,583658380.46,583658380.46,,,,,,457317019.72,221528545.15,,,,,,,,,33019365.94,,84677036.28,85593344.34,36458105.01,,,54441757.48,42831109.85,,,,,,,,,,,,,180783118.22,10670558.76,,1277322.67,82581.05,190176354.31,34768405.59,,155407948.72,,,150840334.06,,4567614.66,-274655808.0,,,,,,,,,,,,,,,,,,,-119247859.28,-123815473.94,4567614.66,0.39,0.39,定期报告,是,20100227,CNY,合并期末,2020-03-13T16:00:40
20080930,435984481.78,435984481.78,,,,,,353829799.67,179436707.89,,,,,,,,,24524328.96,,61055556.15,61345056.77,33279175.22,,,26809230.37,17687345.91,,,,,,,,,,,,,108963912.48,3816186.57,,682389.95,46879.75,112097709.1,21786768.11,,90310940.99,,,85624419.68,,4686521.31,,,,,,,,,,,,,,,,,,,,,,,0.219,0.219,定期报告,未审计,20091026,CNY,合并期末,2020-03-13T16:00:40
20080630,324487229.13,324487229.13,,,,,,253286040.13,141671131.18,,,,,,,,,16110102.96,,35239656.62,43858326.86,18776671.27,,,15395776.39,13460374.87,,,,,,,,,,,,,86596965.39,2956091.99,,602570.45,9088.45,88950486.93,21768359.58,,67182127.35,,,66691575.57,,490551.78,,,,,,,,,,,,,,,,,,,,,,,0.171,0.171,定期报告,未审计,20090815,CNY,合并期末,2020-03-13T16:00:40
20080331,219044882.96,219044882.96,,,,,,193864322.41,136588304.3,,,,,,,,,10249084.23,,18907944.18,19785523.14,8319949.61,,,3828887.99,2840294.91,,,,,,,,,,,,,29009448.54,116063.46,,11000.0,,29114512.0,8787807.47,,20326704.53,,,18205311.51,,2121393.02,,,,,,,,,,,,,,,,,,,,,,,0.047,0.047,定期报告,未审计,20090425,CNY,合并期末,2020-03-13T16:00:40
20071231,1215791135.64,1215791135.64,,,,,,1045534931.55,798203525.79,,,,,,,,,72031480.78,,100530793.68,64602481.43,22982422.01,,,55344255.2,34752445.35,,,,,,,,,,,,,225600459.29,3747148.99,,132010.24,54994.43,229215598.04,63627396.25,,165588201.79,,,149273439.22,,16314762.57,,,,,,,,,,,,,,,,,,,,,,,0.38,0.38,定期报告,是,20090307,CNY,合并期末,2020-03-13T16:00:40
20070930,613612683.5,613612683.5,,,,,,542657189.44,406574458.06,,,,,,,,,27376511.32,,63154326.78,45955887.96,14599144.21,,,30058007.38,14256580.17,,,,,,,,,,,,,101013501.44,2974839.18,,48514.85,,103939825.77,29005970.84,,74933854.93,,,73803129.23,,1130725.7,,,,,,,,,,,,,,,,,,,,,,,0.189,0.189,定期报告,未审计,20081025,CNY,合并期末,2020-03-13T16:00:40
20070630,492502574.31,492502574.31,,,,,,433953514.28,342335422.69,,,,,,,,,20302868.08,,40242022.4,31635442.71,11421507.36,,,20617031.28,9340990.9,,,,,,,,,,,,,79166091.31,212854.02,,34909.85,,79344035.48,22162366.83,,57181668.65,,,56303280.87,,878387.78,,,,,,,,,,,,,,,,,,,,,,,0.159,0.159,定期报告,未审计,20080816,CNY,合并期末,2020-03-13T16:00:40
20070331,287550989.94,287550989.94,,,,,,279362038.67,231712622.7,,,,,,,,,8399566.99,,19038264.22,12991322.31,7261064.4,,,4344887.76,-518115.57,,,,,,,,,,,,,12533839.03,57112.0,,22991.56,,12567959.47,5501435.51,,7066523.96,,,7677744.37,,-611220.41,,,,,,,,,,,,,,,,,,,,,,,0.022,0.022,定期报告,未审计,20080426,CNY,合并期末,2020-03-13T16:00:40
20061231,362757204.16,362757204.16,,,,,,397338934.45,164071403.55,,,,,,,,,19727641.22,,92769101.17,66421694.84,39800485.69,,,161281318.83,31442975.08,,,,,,,7184286.0,,,,24017874.12,,126699588.54,8163317.87,,6278563.95,2385006.08,128584342.46,9042713.27,,119541629.19,,,107189016.27,,12352612.92,,,,,,,,,,,,,,,,,,,,,,,0.27,0.27,募集说明书,是,20091223,CNY,合并期末,2020-03-13T16:00:40
20060930,268172804.12,268172804.12,,,,,,308605831.91,134735734.55,,,,,,,,,12937193.07,,65116660.5,74500407.63,21216187.8,,,115994252.56,29282258.06,,,,,,,2596486.0,,,,9340282.06,,75561224.77,3298187.37,,6762265.72,,72097146.42,10585344.18,,61511802.24,,,53967844.12,,7543958.12,,,,,,,,,,,,,,,,,,,,,,,0.175,0.175,定期报告,未审计,20071026,CNY,合并期末,2020-03-13T16:00:40
20060630,107205198.93,107205198.93,,,,,,151877965.77,33953777.89,,,,,,,,,3936439.01,,38921066.13,36265007.7,14034712.45,,,101427841.13,14964163.47,,,,,,,2211900.0,,,,8664924.62,,56755074.29,2736071.8,,4406458.84,,55084687.25,5130090.74,,49954596.51,,,43282606.47,,6671990.04,,,,,,,,,,,,,,,,,,,,,,,0.154,0.154,定期报告,未审计,20070728,CNY,合并期末,2020-03-13T16:00:40
20060331,39444312.64,39444312.64,,,,,,51292891.32,11424336.67,,,,,,,,,1637617.86,,15299032.11,15241789.5,7690115.18,,,17641951.21,16225955.79,,,,,,,2296300.0,,,,6142852.6,,5793372.53,2578290.96,,183482.03,,8188181.46,234985.51,,7953195.95,,,9394469.23,,-1441273.28,,,,,,,,,,,,,,,,,,,,,,,0.0335,0.0335,定期报告,未审计,20070424,CNY,合并期末,2020-03-13T16:00:40
20051231,711747337.44,682067352.56,,,,,,679677011.54,372344128.37,,,,,,,,,28861829.39,,171039109.36,80852660.61,26579283.81,,,107813271.13,,,,,,,,5914355.34,,,,29679984.88,,145797952.37,648258.55,,1292485.81,,145153725.11,39279607.18,-5202672.21,100671445.72,,,81122453.89,,19548991.83,,,,,,,,,,,,,,,,,,,,,,,,,定期报告,是,20070331,CNY,合并期末,2020-03-13T16:00:40
20050930,616896218.26,602098691.45,,,,,,582453518.05,324676040.59,,,,,,,,,26110702.34,,153271305.72,57333566.29,21061903.11,,,30087373.9,,,,,,,,4427793.28,,,,14797526.81,,68957867.39,456211.84,,589573.37,,68824505.86,23104624.05,,45719881.81,,,22699542.79,,23020339.02,,,,,,,,,,,,,,,,,,,,,,,,,定期报告,未审计,20061028,CNY,合并期末,2020-03-13T16:00:40
20050630,575207826.51,562305544.67,,,,,,522297984.94,308348148.97,,,,,,,,,24667487.73,,136803107.9,38021484.73,14457755.61,,,4225587.01,,,,,,,,3291293.28,,,,12902281.84,,60426721.86,273103.01,,455095.4,,60244729.47,20630009.27,,39614720.2,,,15315604.66,,24299115.54,,,,,,,,,,,,,,,,,,,,,,,,,定期报告,未审计,20060812,CNY,合并期末,2020-03-13T16:00:40
20050331,236117943.01,224155663.17,,,,,,212409028.18,126136348.9,,,,,,,,,9060570.16,,52053741.09,19759290.83,5399077.2,,,-5699493.91,,,,,,,,2770993.28,,,,11962279.84,,20780414.2,152949.18,,301099.64,,20632263.74,9302087.71,656790.06,11986966.09,,,5403968.39,,6582997.7,,,,,,,,,,,,,,,,,,,,,,,,,定期报告,未审计,20060425,CNY,合并期末,2020-03-13T16:00:40
20041231,1061476063.56,1042054136.29,,,,,,976343122.33,752449821.36,,,,,,,,,34875376.84,,86239889.58,82425361.97,20352672.58,,,30534203.49,,,,,,,,12276367.35,,,,19421927.27,,127943512.07,41533750.72,,28454430.17,,141022832.62,49029956.76,12366803.75,104359679.61,,,89188787.41,,15170892.2,,,,,,,,,,,,,,,,,,,,,,,,,定期报告,是,20060408,CNY,合并期末,2020-03-13T16:00:40
20040930,653300938.04,648297431.23,,,,,,623605950.13,473111205.63,,,,,,,,,23891991.52,,57257880.08,55872140.14,13472732.76,,,9923646.38,,,,,,,,7619215.55,,,,5003506.81,,47237849.84,4228178.56,,1340711.02,,50125317.38,16457642.59,,33667674.79,,,26434303.68,,7233371.11,,,,,,,,,,,,,,,,,,,,,,,,,定期报告,未审计,20051022,CNY,合并期末,2020-03-13T16:00:40
20040630,416592292.44,412639142.73,,,,,,407494409.17,300798007.65,,,,,,,,,17993044.83,,39901482.99,41895003.95,6906869.75,,,11146201.26,,,,,,,,1648181.81,,,,3953149.71,,21892266.34,4004599.97,,714035.97,,25182830.34,7875876.88,,17306953.46,,,14346182.66,,2960770.8,,,,,,,,,,,,,,,,,,,,,,,,,定期报告,未审计,20050812,CNY,合并期末,2020-03-13T16:00:40
20040331,267741192.71,264915790.94,,,,,,268272713.79,213890125.91,,,,,,,,,13050006.49,,19419255.05,18931052.43,2982273.91,,,4697212.89,,,,,,,,609298.46,,,,2825401.77,,4774990.27,1524375.93,,581459.43,,5717906.77,2329976.05,,3387930.72,,,2980030.76,,407899.96,,,,,,,,,,,,,,,,,,,,,,,,,定期报告,未审计,20050423,CNY,合并期末,2020-03-13T16:00:40
20031231,802888897.96,802207786.34,,,,,,723036341.06,524644066.23,,,,,,,,,30781455.94,,75973106.19,86897564.63,4740148.07,,,15414789.21,,,,,,,,19545098.36,,,,681111.62,,114812444.47,3668527.02,,-1716787.76,,120197759.25,34545194.36,185448.68,85838013.57,,,74393122.25,,11444891.32,,,,,,,,,,,,,,,,,,,,,,,,,定期报告,是,20050402,CNY,合并期末,2020-03-13T16:00:40
20030930,508750041.45,508279401.14,,,,,,467749389.4,337684878.75,,,,,,,,,17891383.66,,50013859.76,61371962.3,787304.93,,,12522457.34,,,,,,,,10673668.6,,,,470640.31,,64196777.99,1009519.98,,2166804.43,,63039493.54,21240776.81,,41798716.73,,,31119304.45,,10679412.28,,,,,,,,,,,,,,,,,,,,,,,,,定期报告,未审计,20041027,CNY,合并期末,2020-03-13T16:00:40
20030630,398436708.99,398154217.17,,,,,,355562588.52,260001052.98,,,,,,,,,14731910.79,,37029543.94,43180792.97,619287.84,,,13030281.41,,,,,,,,111583.49,,,,282491.82,,56015985.37,699712.22,,2049931.63,,54665765.96,19561342.72,,35104423.24,,,24724788.08,,10379635.16,,,,,,,,,,,,,,,,,,,,,,,,,定期报告,未审计,20040814,CNY,合并期末,2020-03-13T16:00:40
20030331,142989269.34,142849425.61,,,,,,131284449.2,84344798.18,,,,,,,,,4758386.64,,21591429.55,20544948.39,44886.44,,,169206.08,,,,,,,,111583.49,,,,139843.73,,11985609.71,252247.26,,53436.6,,12184420.37,7028491.23,,5155929.14,,,2737804.51,,2418124.63,,,,,,,,,,,,,,,,,,,,,,,,,定期报告,未审计,20040424,CNY,合并期末,2020-03-13T16:00:40
20021231,1089729063.75,1083813001.32,,,,,,1028814279.07,797068837.72,,,,,,,,,43853024.46,,79329835.6,92821739.53,15740841.76,,,19291184.38,,,,,,,,15165242.0,,,,5916062.43,,95371211.06,2538742.07,,5327468.28,,92582484.85,29592019.95,-48249.8,62942215.1,,,60730041.98,,2212173.12,,,,,,,,,,,,,,,,,,,,,,,,,定期报告,是,20040327,CNY,合并期末,2020-03-13T16:00:40
20020930,620020585.64,613665111.77,,,,,,576525078.67,425156800.69,,,,,,,,,19751077.41,,60124561.83,59611169.81,11881468.93,,,3882470.65,,,,,,,,5867130.0,,,,6355473.87,,53245107.62,790754.8,,4406929.35,,49628933.07,14329164.07,,35299769.0,,,29184138.06,,6115630.94,,,,,,,,,,,,,,,,,,,,,,,,,定期报告,未审计,20031025,CNY,合并期末,2020-03-13T16:00:40
20020630,445189655.3,439959853.27,,,,,,411508209.54,300560881.5,,,,,,,,,14675457.79,,41988580.92,44268224.88,10015064.45,,,767846.74,,,,,,,,3887888.0,,,,5229802.03,,38337180.5,495018.51,,4297380.08,,34534818.93,9040583.97,,25494234.96,,,21716482.22,,3777752.74,,,,,,,,,,,,,,,,,,,,,,,,,其他,未审计,20020821,CNY,合并期末,2020-03-13T16:00:40
20020331,245341716.7,244682991.33,,,,,,234857828.4,176460569.54,,,,,,,,,10503987.48,,23021534.92,20817493.61,4054242.85,,,797642.76,,,,,,,,3809810.0,,,,658725.37,,15091341.06,217689.34,,75240.17,,15233790.23,5220918.24,,10012871.99,,,9509347.73,,503524.26,,,,,,,,,,,,,,,,,,,,,,,,,其他,未审计,20020429,CNY,合并期末,2020-03-13T16:00:40
20011231,648261797.95,640566916.05,,,,,,598806354.71,404581155.44,,,,,,,,,20355446.69,,67880438.23,86794132.11,19195182.24,,,31676023.84,,,,,,,,9616234.98,,,,7694881.9,,90747702.06,4807547.46,,707020.42,,94848229.1,15688229.45,49812.48,79209812.13,,,75615913.53,,3593898.6,,,,,,,,,,,,,,,,,,,,,,,,,其他,是,20020308,CNY,合并期末,2020-03-13T16:00:40
20010630,349485629.54,348812328.75,,,,,,329008016.34,256988284.02,,,,,,,,,5897278.43,,29108828.35,32049330.17,4964295.37,,,1891616.61,,,,,,,,,,,,673300.79,,22347999.21,2348548.69,,75391.97,,24621155.93,1770950.64,,22850205.29,,,19691772.08,,3158433.21,,,,,,,,,,,,,,,,,,,,,,,,,其他,未审计,20020821,CNY,合并期末,2020-03-13T16:00:40
20001231,246797416.73,240205482.12,,,,,,239849583.53,131545681.9,,,,,,,,,4128952.34,,37938892.14,54163711.04,9408957.33,,,28764590.88,,,,,,,,,,,,6591934.61,,35712424.08,20973225.63,,88681.25,,56596968.46,8124268.95,7839.08,48480538.59,,,44147656.54,,4332882.05,,,,,,,,,,,,,,,,,,,,,,,,,其他,是,20010214,CNY,合并期末,2020-03-13T16:00:40
20000630,80699094.38,77046839.72,,,,,,91990619.66,47078581.08,,,,,,,,,161657.94,,15622948.29,24057318.0,4770040.25,,,1015813.87,,,,,,,,,,,,3652254.66,,-10275711.41,20629187.05,,20345.61,,10333130.03,2059463.23,,8273666.8,,,8685302.8,,-411636.0,,,,,,,,,,,,,,,,,,,,,,,,,其他,未审计,20000805,CNY,合并期末,2020-03-13T16:00:40
19991231,147844631.46,140293623.34,,,,,,126405032.61,75911298.56,,,,,,,,,2835464.17,,11019220.28,30809060.76,5710417.13,,,24122686.77,,,,,,,,,,,,7551008.12,,45562285.62,2854773.22,,131629.96,,48285428.88,1093250.17,,47313985.51,,,41778801.07,,5535184.44,,,,,,,,,,,,,,,,,,,,,,,,,其他,是,20000223,CNY,合并期末,2020-03-13T16:00:40
19990630,18961647.34,18756057.8,,,,,,20576047.65,10113191.75,,,,,,,,,461024.6,,811798.13,7299841.69,1890191.48,,,8858900.23,,,,,,,,166212.15,,,,205589.54,,7410712.07,,,20546.74,,7390165.33,117624.65,,7272540.68,,,7209139.15,,63401.53,,,,,,,,,,,,,,,,,,,,,,,,,其他,未审计,19990722,CNY,合并期末,2020-03-13T16:00:40
19981231,196849661.6,190810535.65,,,,,,187568023.72,147943041.18,,,,,,,,,4867986.11,,3447779.64,20793814.93,10515401.86,,,6431831.38,,,,,,,,,,,,6039125.95,,15713469.26,7983268.7,,194290.23,,23502447.73,537214.29,,22965233.44,,,21098093.98,,1867139.46,,,,,,,,,,,,,,,,,,,,,,,,,其他,是,19990309,CNY,合并期末,2020-03-13T16:00:40
19980630,85333127.71,85476516.48,,,,,,97436255.54,77028898.7,,,,,,,,,954096.58,,1990572.5,10102207.49,7360480.27,,,3491490.06,,,,,,,,,,,,-143388.77,,-8611637.77,62768.89,,141739.46,,-8690608.34,-3665.42,,-8686942.92,,,-8702617.04,,15674.12,,,,,,,,,,,,,,,,,,,,,,,,,其他,是,19980828,CNY,合并期末,2020-03-13T16:00:40
19971231,245817066.52,245320030.51,,,,,,261663409.89,208863549.86,,,,,,,,,3099889.09,,5480837.35,25943950.35,18275183.24,,,20419673.6,,,,,,,,,,,,497036.01,,4839201.26,271296.79,,2079850.0,,3030648.05,283282.14,,2747365.91,,,2747365.91,,,,,,,,,,,,,,,,,,,,,,,,,,,其他,是,19980415,CNY,合并期末,2020-03-13T16:00:40
19970630,88605422.32,88245777.31,,,,,,,,,,,,,,,,,,,,,,,296630.28,,,,,,,,,,,,359645.01,,2090492.87,,,,,2090492.87,,,2090492.87,,,2090492.87,,,,,,,,,,,,,,,,,,,,,,,,,,,其他,未审计,19970828,CNY,合并期末,2020-03-13T16:00:40
19961231,249596991.49,249788395.48,,,,,,274692163.49,228541937.87,,,,,,,,,2995061.82,,7850713.68,21391677.18,13912772.94,,,5700741.25,,,,,,,,,,,,-191403.99,,-20213042.25,1223712.34,,3907173.24,,-22896503.15,151780.15,,-23048283.3,,,-23048283.3,,,,,,,,,,,,,,,,,,,,,,,,,,,其他,是,19970430,CNY,合并期末,2020-03-13T16:00:40
19960630,112002328.58,111668579.93,,,,,,,,,,,,,,,,,,,,,,,1517143.21,,,,,,,,,,,,333748.65,,-18184622.02,,,,,-18184622.02,4346.61,,-18188968.63,,,-18188968.63,,,,,,,,,,,,,,,,,,,,,,,,,,,其他,未审计,19960829,CNY,合并期末,2020-03-13T16:00:40
19951231,358468828.12,358742332.59,,,,,,357614621.89,311867795.12,,,,,,,,,8292287.11,,7969711.31,21082890.92,8401937.43,,,4941844.63,,,,,,,,40280.52,,,,-273504.47,,5836331.38,103213.82,,1231978.15,,4707567.05,854241.09,,3853325.96,,,3853325.96,,,,,,,,,,,,,,,,,,,,,,,,,,,其他,未审计,19960428,CNY,合并期末,2020-03-13T16:00:40
19950630,170198500.0,170225300.0,,,,,,,,,,,,,,,,,,,,,,,2426800.0,,,,,,,,,,,,-26800.0,,4140300.0,,,,,4140300.0,382500.0,,3757800.0,,,3757800.0,,,,,,,,,,,,,,,,,,,,,,,,,,,其他,未审计,19950819,CNY,合并期末,2020-03-13T16:00:40
19941231,231769400.0,231691750.0,,,,,,,,,,,,,,,,,,,,,,,2680230.0,,,,,,,,,,,,77650.0,,15484910.0,,,,,15484910.0,1529640.0,,13955270.0,,,13955270.0,,,,,,,,,,,,,,,,,,,,,,,,,,,其他,未审计,19950419,CNY,合并期末,2020-03-13T16:00:40
19940630,115685303.75,115032606.91,,,,,,,,,,,,,,,,,,,,,,,2225080.0,,,,,,,,,,,,652696.84,,15137426.08,28776.66,,4441460.26,,10724742.48,1551733.25,,9173009.23,,,9015223.44,,157785.79,,,,,,,,,,,,,,,,,,,,,,,,,其他,未审计,19940811,CNY,合并期末,2020-03-13T16:00:40
19931231,216216554.84,214598781.76,,,,,,207738571.03,176732022.77,,,,,,,,,20757509.94,,5241528.42,13422949.26,-8415439.36,,,7378114.95,,,,,,,,,,,,1617773.08,,15856098.76,813032.91,,7712696.59,,8956435.08,888465.86,,8067969.22,,,7683720.62,,384248.6,,,,,,,,,,,,,,,,,,,,,,,,,其他,未审计,19940426,CNY,合并期末,2020-03-13T16:00:40
19930630,76726080.35,76108191.4,,,,,,69913423.54,58891871.06,,,,,,,,,9570295.82,,1702548.08,5024755.01,-5276046.43,,,6029330.76,,,,,,,,,,,,617888.95,,12841987.57,493704.33,,3240501.47,,10095190.43,1514300.0,,8580900.0,,,8580900.0,,,,,,,,,,,,,,,,,,,,,,,,,,,其他,未审计,19930814,CNY,合并期末,2020-03-13T16:00:40
19921231,138140118.57,138105461.76,,,,,,128164124.69,99460273.6,,,,,,,,,15887854.46,,4777054.2,10220971.43,-2182029.0,,,8738413.18,,,,,,,,,,,,34656.81,,18714407.06,10845.85,,5448089.12,,13277163.79,1991574.57,,11285589.22,,,11285589.22,,,,,,,,,,,,,,,,,,,,,,,,,,,其他,未审计,19930605,CNY,合并期末,2020-03-13T16:00:40
19920630,93727029.26,93724258.76,,,,,,84867303.71,71085419.47,,,,,,,,,11363393.5,,2418490.74,,,,,,,,,,,,,,,,,2770.5,,10659055.73,100.0,,2903912.83,,7755242.9,2559230.16,,5196012.74,,,5196012.74,,,,,,,,,,,,,,,,,,,,,,,,,,,其他,未审计,19920630,CNY,合并期末,2020-03-13T16:00:40
19910630,64486599.48,64486599.48,,,,,,44332445.36,44332445.36,,,,,,,,,,,,,,,,,,,,,,,,,,,,,,7488341.24,,,,,7488341.24,,,3369753.56,,,3369753.56,,,,,,,,,,,,,,,,,,,,,,,,,,,其他,未审计,19920325,CNY,合并期末,2020-03-13T16:00:40
